#K-Path     Band-1    Band-2    Band-3    Band-4      ...     Band-n
  0.0000  -21.2299  -21.2299  -21.2299  -12.8811   -0.2937   -0.2937   -0.2937    4.6706   10.7578   10.7578   10.7578   12.8838   12.8839   14.4407   16.4907   16.4908   16.4908   22.9758   26.0359   26.1200
  0.0581  -21.2300  -21.2299  -21.2299  -12.8784   -0.3135   -0.2981   -0.2981    4.7026   10.7086   10.7736   10.7736   12.8266   12.8933   14.5141   16.5092   16.5093   16.5405   23.0158   25.5762   25.6447
  0.1161  -21.2305  -21.2301  -21.2301  -12.8705   -0.3707   -0.3112   -0.3112    4.7963   10.5720   10.8205   10.8205   12.6646   12.9218   14.7237   16.5644   16.5644   16.6812   23.1201   24.9796   25.3144
  0.1742  -21.2313  -21.2303  -21.2303  -12.8575   -0.4599   -0.3325   -0.3325    4.9457   10.3727   10.8979   10.8979   12.4220   12.9690   15.0444   16.6563   16.6564   16.8933   23.2702   24.3848   24.4727
  0.2323  -21.2324  -21.2306  -21.2306  -12.8400   -0.5737   -0.3611   -0.3611    5.1423   10.1365   11.0045   11.0045   12.1258   13.0347   15.4504   16.7847   16.7848   17.1571   23.3817   23.7937   23.8374
  0.2904  -21.2337  -21.2310  -21.2310  -12.8185   -0.7039   -0.3960   -0.3960    5.3763    9.8829   11.1387   11.1387   11.7994   13.1179   15.9217   16.9489   16.9490   17.4577   23.1810   23.2598   23.3349
  0.3484  -21.2352  -21.2315  -21.2315  -12.7937   -0.8430   -0.4361   -0.4361    5.6375    9.6256   11.2984   11.2984   11.4621   13.2180   16.4445   17.1478   17.1478   17.7855   22.5888   22.6064   22.9236
  0.4065  -21.2367  -21.2320  -21.2320  -12.7664   -0.9846   -0.4799   -0.4799    5.9155    9.3732   11.1296   11.4816   11.4816   13.3341   17.0093   17.3787   17.3788   18.1338   22.0135   22.0159   22.3783
  0.4646  -21.2383  -21.2325  -21.2325  -12.7374   -1.1233   -0.5262   -0.5262    6.1991    9.1317   10.8167   11.6859   11.6860   13.4645   17.6096   17.6364   17.6369   18.4951   21.4646   21.4736   21.7829
  0.5227  -21.2398  -21.2331  -21.2331  -12.7077   -1.2552   -0.5735   -0.5735    6.4755    8.9049   10.5382   11.9091   11.9092   13.6077   17.9093   17.9096   18.2406   18.8539   20.9538   20.9627   21.1776
  0.5807  -21.2412  -21.2337  -21.2337  -12.6780   -1.3772   -0.6205   -0.6205    6.7296    8.6953   10.3105   12.1488   12.1489   13.7608   18.1706   18.1707   18.9005   19.1578   20.5128   20.5177   20.6563
  0.6388  -21.2426  -21.2343  -21.2343  -12.6493   -1.4873   -0.6659   -0.6659    6.9440    8.5049   10.1512   12.4025   12.4027   13.9226   18.3554   18.3566   19.2198   19.5799   20.2079   20.2303   20.4274
  0.6969  -21.2438  -21.2349  -21.2348  -12.6223   -1.5843   -0.7087   -0.7087    7.1018    8.3348   10.0761   12.6675   12.6683   14.0864   18.3561   18.3623   18.8848   20.1426   20.1605   20.2919   20.6160
  0.7550  -21.2448  -21.2354  -21.2354  -12.5976   -1.6675   -0.7479   -0.7479    7.1940    8.1861   10.0912   12.9405   12.9411   14.2509   18.1451   18.1484   18.3992   20.3486   20.3696   21.0165   21.0667
  0.8130  -21.2456  -21.2358  -21.2358  -12.5758   -1.7369   -0.7825   -0.7825    7.2257    8.0594   10.1863   13.2171   13.2171   14.4072   17.8221   17.8229   17.9051   20.7238   20.7511   21.4977   21.7241
  0.8711  -21.2463  -21.2362  -21.2362  -12.5575   -1.7925   -0.8117   -0.8117    7.2147    7.9552   10.3354   13.4903   13.4903   14.5515   17.4494   17.4710   17.4718   21.1868   21.2153   21.9936   22.4930
  0.9292  -21.2469  -21.2366  -21.2366  -12.5428   -1.8350   -0.8351   -0.8351    7.1823    7.8738   10.5043   13.7489   13.7489   14.6757   17.0577   17.1365   17.1388   21.6873   21.6944   22.2351   22.5178
  0.9873  -21.2472  -21.2368  -21.2368  -12.5322   -1.8648   -0.8522   -0.8522    7.1469    7.8154   10.6584   13.9736   13.9737   14.7717   16.7533   16.8520   16.8530   22.0218   22.1811   22.1998   23.0823
  1.0453  -21.2474  -21.2369  -21.2369  -12.5258   -1.8825   -0.8625   -0.8625    7.1210    7.7804   10.7662   14.1341   14.1342   14.8321   16.5584   16.6538   16.6558   21.8883   22.5893   22.6201   23.6058
  1.1034  -21.2475  -21.2370  -21.2370  -12.5236   -1.8884   -0.8660   -0.8660    7.1116    7.7687   10.8050   14.1937   14.1937   14.8527   16.4913   16.5813   16.5821   21.8474   22.7614   22.8960   24.0731
  1.1034  -21.2475  -21.2370  -21.2370  -12.5236   -1.8884   -0.8660   -0.8660    7.1116    7.7687   10.8050   14.1937   14.1937   14.8527   16.4911   16.5813   16.5814   21.8436   22.7566   22.7728   24.2321
  1.1239  -21.2475  -21.2370  -21.2370  -12.5236   -1.8877   -0.8679   -0.8657    7.1146    7.7714   10.8024   14.1658   14.1852   14.8830   16.4999   16.5779   16.5863   21.8552   22.8258   23.8335   24.2022
  1.1445  -21.2475  -21.2371  -21.2370  -12.5234   -1.8855   -0.8737   -0.8648    7.1237    7.7795   10.7948   14.0937   14.1600   14.9622   16.5247   16.5616   16.5951   21.7910   22.7178   22.9446   24.1780
  1.1650  -21.2474  -21.2372  -21.2369  -12.5232   -1.8820   -0.8831   -0.8634    7.1387    7.7930   10.7821   13.9969   14.1196   15.0712   16.5343   16.5649   16.6102   21.7434   22.6673   22.9805   24.4935
  1.1855  -21.2474  -21.2373  -21.2369  -12.5228   -1.8770   -0.8962   -0.8613    7.1592    7.8120   10.7645   13.8881   14.0656   15.1963   16.4966   16.6192   16.6330   21.6788   22.5302   23.3454   23.9922
  1.2061  -21.2473  -21.2375  -21.2369  -12.5224   -1.8706   -0.9128   -0.8587    7.1849    7.8366   10.7422   13.7740   14.0007   15.3323   16.4515   16.6612   16.6832   21.6158   22.4742   23.3687   23.6893
  1.2266  -21.2472  -21.2377  -21.2368  -12.5219   -1.8628   -0.9326   -0.8555    7.2154    7.8668   10.7154   13.6579   13.9269   15.4741   16.3948   16.6954   16.7560   21.5597   22.2757   23.5258   23.8728
  1.2471  -21.2471  -21.2380  -21.2367  -12.5213   -1.8536   -0.9556   -0.8517    7.2502    7.9026   10.6844   13.5416   13.8466   15.6209   16.3287   16.7337   16.8353   21.5013   22.1192   23.4053   23.6310
  1.2677  -21.2469  -21.2383  -21.2366  -12.5207   -1.8430   -0.9813   -0.8474    7.2886    7.9440   10.6495   13.4262   13.7622   15.7727   16.2579   16.7804   16.9191   21.4530   21.9785   23.2038   24.0910
  1.2882  -21.2468  -21.2386  -21.2365  -12.5201   -1.8311   -1.0095   -0.8425    7.3302    7.9909   10.6109   13.3124   13.6747   15.9259   16.1755   16.8308   17.0050   21.4306   21.8463   23.0426   24.0940
  1.3087  -21.2466  -21.2389  -21.2364  -12.5194   -1.8178   -1.0400   -0.8371    7.3745    8.0430   10.5690   13.2006   13.5866   16.0822   16.0870   16.8822   17.0917   21.3815   21.6921   22.8710   24.0945
  1.3293  -21.2464  -21.2393  -21.2363  -12.5188   -1.8032   -1.0725   -0.8312    7.4210    8.0999   10.5242   13.0912   13.4994   15.9929   16.2409   16.9431   17.1774   21.3740   21.5467   22.7364   24.3952
  1.3498  -21.2462  -21.2397  -21.2362  -12.5182   -1.7874   -1.1065   -0.8248    7.4694    8.1611   10.4768   12.9842   13.4144   15.8921   16.4016   17.0028   17.2607   21.3310   21.4020   22.5220   24.2266
  1.3703  -21.2460  -21.2401  -21.2361  -12.5176   -1.7702   -1.1418   -0.8179    7.5193    8.2257   10.4272   12.8800   13.3331   15.7875   16.5644   17.0695   17.3408   21.2695   21.3485   22.3428   24.6220
  1.3909  -21.2458  -21.2406  -21.2359  -12.5171   -1.7518   -1.1781   -0.8105    7.5705    8.2928   10.3756   12.7786   13.2571   15.6776   16.7288   17.1380   17.4157   21.1156   21.3115   22.1545   24.1319
  1.4114  -21.2456  -21.2410  -21.2358  -12.5167   -1.7322   -1.2151   -0.8026    7.6228    8.3613   10.3225   12.6803   13.1877   15.5645   16.8946   17.2085   17.4840   20.9752   21.3101   21.9699   24.0361
  1.4319  -21.2453  -21.2415  -21.2356  -12.5164   -1.7114   -1.2524   -0.7943    7.6761    8.4301   10.2682   12.5850   13.1264   15.4484   17.0624   17.2822   17.5461   20.8371   21.3161   21.7837   24.0109
  1.4525  -21.2450  -21.2419  -21.2355  -12.5162   -1.6895   -1.2898   -0.7856    7.7303    8.4976   10.2129   12.4929   13.0746   15.3291   17.2302   17.3592   17.5992   20.7021   21.3296   21.6012   23.9738
  1.4730  -21.2448  -21.2424  -21.2353  -12.5162   -1.6665   -1.3269   -0.7764    7.7853    8.5627   10.1571   12.4040   13.0339   15.2077   17.4000   17.4342   17.6443   20.5696   21.3447   21.4037   23.9882
  1.4935  -21.2445  -21.2429  -21.2351  -12.5165   -1.6423   -1.3635   -0.7669    7.8408    8.6238   10.1011   12.3185   13.0058   15.0848   17.5118   17.5709   17.6778   20.4410   21.2115   21.3667   23.9093
  1.4935  -21.2445  -21.2429  -21.2351  -12.5165   -1.6423   -1.3635   -0.7669    7.8408    8.6238   10.1011   12.3185   13.0058   15.0847   17.5120   17.5714   17.6777   20.4410   21.2117   21.3669   23.9377
  1.5291  -21.2444  -21.2430  -21.2351  -12.5167   -1.6301   -1.3789   -0.7653    7.8773    8.6552   10.0644   12.2245   13.0543   15.0303   17.4435   17.5802   17.8570   20.3585   21.1479   21.3936   23.9026
  1.5646  -21.2445  -21.2429  -21.2351  -12.5169   -1.6190   -1.3881   -0.7697    7.9307    8.6893   10.0110   12.0688   13.1793   14.9908   17.2768   17.6145   18.0681   20.2460   21.1389   21.4472   23.9005
  1.6002  -21.2447  -21.2426  -21.2352  -12.5170   -1.6109   -1.3897   -0.7796    8.0001    8.7243    9.9419   11.8992   13.3331   14.9674   17.0967   17.6461   18.2564   20.1225   21.1692   21.5291   23.9948
  1.6358  -21.2449  -21.2423  -21.2353  -12.5172   -1.6065   -1.3837   -0.7939    8.0837    8.7576    9.8590   11.7376   13.4927   14.9599   16.9101   17.6704   18.4182   20.0021   21.2193   21.6229   23.9477
  1.6713  -21.2451  -21.2419  -21.2355  -12.5174   -1.6055   -1.3714   -0.8112    8.1790    8.7862    9.7659   11.5945   13.6447   14.9708   16.7241   17.6905   18.5506   19.8949   21.2773   21.7220   24.2827
  1.7069  -21.2453  -21.2415  -21.2357  -12.5175   -1.6069   -1.3555   -0.8296    8.2821    8.8068    9.6685   11.4756   13.7785   14.9993   16.5436   17.7046   18.6544   19.8062   21.3427   21.8075   24.1158
  1.7425  -21.2454  -21.2411  -21.2359  -12.5177   -1.6092   -1.3392   -0.8468    8.3866    8.8150    9.5760   11.3843   13.8855   15.0429   16.3813   17.7155   18.7301   19.7390   21.3853   21.8820   24.3518
  1.7780  -21.2455  -21.2409  -21.2361  -12.5177   -1.6113   -1.3258   -0.8603    8.4817    8.8083    9.5013   11.3225   13.9593   15.0909   16.2521   17.7225   18.7797   19.6946   21.4226   21.9507   24.5300
  1.8136  -21.2456  -21.2407  -21.2362  -12.5178   -1.6125   -1.3182   -0.8679    8.5457    8.7935    9.4589   11.2914   13.9966   15.1244   16.1779   17.7274   18.8028   19.6728   21.4672   21.9878   24.5939
  1.8491  -21.2456  -21.2407  -21.2362  -12.5178   -1.6125   -1.3182   -0.8679    8.5457    8.7935    9.4589   11.2914   13.9966   15.1244   16.1786   17.7269   18.8031   19.6727   21.4417   21.9727   24.4925
  1.8847  -21.2455  -21.2409  -21.2361  -12.5177   -1.6113   -1.3258   -0.8603    8.4817    8.8083    9.5013   11.3225   13.9593   15.0909   16.2524   17.7230   18.7823   19.6947   21.4231   21.9397   24.4656
  1.9203  -21.2454  -21.2411  -21.2359  -12.5177   -1.6092   -1.3392   -0.8468    8.3866    8.8150    9.5760   11.3843   13.8856   15.0430   16.3823   17.7159   18.7311   19.7392   21.3856   21.8833   24.3013
  1.9558  -21.2453  -21.2415  -21.2357  -12.5175   -1.6069   -1.3555   -0.8296    8.2821    8.8068    9.6685   11.4756   13.7786   14.9993   16.5438   17.7049   18.6543   19.8064   21.3353   21.8093   24.0973
  1.9914  -21.2451  -21.2419  -21.2355  -12.5174   -1.6055   -1.3714   -0.8112    8.1790    8.7862    9.7659   11.5945   13.6446   14.9708   16.7239   17.6911   18.5510   19.8951   21.2778   21.7139   24.0052
  2.0270  -21.2449  -21.2423  -21.2353  -12.5172   -1.6065   -1.3837   -0.7939    8.0837    8.7576    9.8590   11.7376   13.4928   14.9605   16.9101   17.6718   18.4184   20.0019   21.2209   21.6162   23.9411
  2.0625  -21.2447  -21.2426  -21.2352  -12.5170   -1.6109   -1.3897   -0.7796    8.0001    8.7243    9.9419   11.8992   13.3331   14.9670   17.0965   17.6450   18.2563   20.1221   21.1682   21.5237   23.9505
  2.0981  -21.2445  -21.2429  -21.2351  -12.5169   -1.6190   -1.3881   -0.7697    7.9307    8.6893   10.0110   12.0688   13.1793   14.9912   17.2768   17.6143   18.0679   20.2460   21.1387   21.4481   23.9012
  2.1336  -21.2444  -21.2430  -21.2351  -12.5167   -1.6301   -1.3789   -0.7653    7.8773    8.6552   10.0644   12.2245   13.0543   15.0302   17.4432   17.5795   17.8564   20.3584   21.1471   21.3939   23.8939
  2.1692  -21.2445  -21.2429  -21.2351  -12.5165   -1.6423   -1.3635   -0.7669    7.8408    8.6238   10.1011   12.3185   13.0058   15.0847   17.5122   17.5708   17.6775   20.4410   21.2133   21.3689   23.9212
  2.1692  -21.2445  -21.2429  -21.2351  -12.5165   -1.6423   -1.3635   -0.7669    7.8408    8.6238   10.1011   12.3185   13.0057   15.0850   17.5117   17.5713   17.6778   20.4410   21.2127   21.3688   23.9125
  2.2308  -21.2443  -21.2436  -21.2346  -12.5186   -1.5640   -1.4675   -0.7363    8.0073    8.7723    9.9341   12.0827   13.0101   14.7099   17.7131   17.7419   18.0878   20.0835   20.6311   21.4656   23.8529
  2.2924  -21.2455  -21.2425  -21.2341  -12.5235   -1.5581   -1.4777   -0.7030    8.1594    8.8604    9.7745   11.8790   13.1671   14.3334   17.6320   17.9482   18.6103   19.7844   20.0458   21.5980   23.8220
  2.3540  -21.2465  -21.2415  -21.2335  -12.5316   -1.6300   -1.3848   -0.6677    8.2537    8.9215    9.6285   11.7088   13.4808   13.9616   17.4296   18.0859   19.1352   19.4882   19.5872   21.7683   24.0006
  2.4156  -21.2472  -21.2404  -21.2330  -12.5434   -1.6793   -1.2869   -0.6313    8.2264    9.0317    9.5015   11.5732   13.6004   13.9315   17.1107   18.0982   18.9806   19.5446   19.6598   21.9667   24.0232
  2.4772  -21.2476  -21.2393  -21.2324  -12.5592   -1.7029   -1.1858   -0.5943    8.0734    9.2162    9.3983   11.4730   13.2535   14.4849   16.6988   17.9790   18.5372   19.6589   20.1802   22.2102   24.4472
  2.5388  -21.2475  -21.2382  -21.2320  -12.5790   -1.6990   -1.0833   -0.5575    7.8416    9.3228    9.4467   11.4090   12.9239   15.0783   16.2638   17.7814   18.1551   19.8634   20.6856   22.5404   23.6226
  2.6004  -21.2470  -21.2371  -21.2315  -12.6026   -1.6670   -0.9812   -0.5215    7.5665    9.2785    9.7001   11.3814   12.6139   15.3481   16.1878   17.5540   17.8230   20.0941   21.2122   22.8865   22.9996
  2.6620  -21.2461  -21.2360  -21.2311  -12.6294   -1.6069   -0.8816   -0.4870    7.2677    9.2681    9.9625   11.3903   12.3249   14.9634   16.8161   17.3203   17.5325   20.2074   21.4118   22.1289   22.5289
  2.7236  -21.2448  -21.2350  -21.2308  -12.6588   -1.5202   -0.7861   -0.4545    6.9566    9.2937   10.2229   11.4352   12.0576   14.4767   17.0897   17.2761   17.6118   20.0235   21.1077   21.7912   22.8261
  2.7852  -21.2432  -21.2341  -21.2305  -12.6900   -1.4089   -0.6963   -0.4244    6.6407    9.3562   10.4698   11.5152   11.8142   14.0111   16.8642   17.0572   18.4622   19.5009   20.5382   21.9104   23.0835
  2.8468  -21.2413  -21.2332  -21.2303  -12.7219   -1.2764   -0.6138   -0.3971    6.3257    9.4559   10.6885   11.5948   11.6289   13.5983   16.6418   16.8734   18.8546   19.3373   19.8727   22.2120   23.7688
  2.9084  -21.2393  -21.2325  -21.2302  -12.7534   -1.1273   -0.5396   -0.3728    6.0167    9.5913   10.8608   11.4001   11.7730   13.2613   16.4067   16.7264   18.2188   19.2451   20.2329   22.6224   24.0764
  2.9700  -21.2373  -21.2318  -21.2301  -12.7835   -0.9675   -0.4746   -0.3517    5.7195    9.7593   10.9669   11.2306   11.9441   13.0193   16.1444   16.6157   17.6564   18.6458   21.1303   23.1014   24.5963
  3.0316  -21.2353  -21.2312  -21.2300  -12.8110   -0.8042   -0.4192   -0.3339    5.4410    9.9540   10.9964   11.0867   12.1357   12.8804   15.8298   16.5413   17.2110   18.0867   22.0079   23.5228   24.3729
  3.0932  -21.2335  -21.2307  -21.2299  -12.8350   -0.6466   -0.3739   -0.3193    5.1896   10.1658   10.9615   10.9686   12.3387   12.8292   15.4624   16.4992   16.8993   17.5804   22.7850   24.0149   24.1155
  3.1548  -21.2320  -21.2304  -21.2299  -12.8546   -0.5056   -0.3387   -0.3081    4.9758   10.3791   10.8765   10.8935   12.5386   12.8318   15.0833   16.4828   16.6994   17.1431   23.1817   24.2517   24.5736
  3.2164  -21.2308  -21.2301  -21.2299  -12.8692   -0.3927   -0.3137   -0.3001    4.8110   10.5702   10.8106   10.8243   12.7143   12.8546   14.7516   16.4824   16.5777   16.7969   23.1252   25.0209   25.1730
  3.2779  -21.2301  -21.2299  -21.2299  -12.8781   -0.3193   -0.2987   -0.2953    4.7065   10.7073   10.7710   10.7753   12.8386   12.8757   14.5228   16.4879   16.5118   16.5703   23.0178   25.5909   26.0615
  3.3395  -21.2299  -21.2299  -21.2299  -12.8811   -0.2937   -0.2937   -0.2937    4.6706   10.7578   10.7578   10.7578   12.8838   12.8839   14.4407   16.4908   16.4909   16.4910   22.9814   25.9359   26.1950
  3.3395  -21.2299  -21.2299  -21.2299  -12.8811   -0.2937   -0.2937   -0.2937    4.6706   10.7578   10.7578   10.7578   12.8837   12.8840   14.4406   16.4907   16.4908   16.4908   22.9763   25.8624   26.4600
  3.3898  -21.2300  -21.2299  -21.2299  -12.8791   -0.3116   -0.2955   -0.2955    4.6946   10.7248   10.7676   10.7676   12.8657   12.8658   14.4957   16.4756   16.5309   16.5310   23.0043   25.6833   26.2319
  3.4401  -21.2306  -21.2299  -21.2299  -12.8731   -0.3638   -0.3009   -0.3009    4.7650   10.6325   10.7960   10.7960   12.8156   12.8158   14.6519   16.4345   16.6484   16.6484   23.0806   25.0810   25.4935
  3.4904  -21.2314  -21.2300  -21.2300  -12.8633   -0.4466   -0.3097   -0.3097    4.8777   10.4974   10.8407   10.8407   12.7436   12.7437   14.8831   16.3817   16.8351   16.8351   23.1674   24.6052   25.0965
  3.5407  -21.2326  -21.2301  -21.2301  -12.8499   -0.5549   -0.3215   -0.3215    5.0264   10.3383   10.8969   10.8969   12.6637   12.6639   15.1437   16.3514   17.0808   17.0808   23.1431   24.3183   24.5902
  3.5910  -21.2340  -21.2302  -21.2302  -12.8332   -0.6826   -0.3361   -0.3361    5.2035   10.1716   10.9573   10.9573   12.5929   12.5930   15.3512   16.4175   17.3753   17.3754   22.8484   24.0552   24.2445
  3.6413  -21.2356  -21.2303  -21.2303  -12.8136   -0.8237   -0.3530   -0.3530    5.4011   10.0104   11.0110   11.0110   12.5490   12.5491   15.4177   16.6633   17.7101   17.7102   22.3540   23.5056   23.6417
  3.6916  -21.2375  -21.2304  -21.2304  -12.7916   -0.9729   -0.3716   -0.3716    5.6107    9.8647   11.0458   11.0458   12.5503   12.5503   15.3618   17.0686   18.0779   18.0779   21.7950   22.9367   22.9419
  3.7419  -21.2395  -21.2306  -21.2306  -12.7677   -1.1251   -0.3915   -0.3915    5.8238    9.7423   11.0520   11.0520   12.6102   12.6102   15.2487   17.5674   18.4727   18.4728   21.2310   22.3555   22.3608
  3.7922  -21.2415  -21.2307  -21.2307  -12.7426   -1.2763   -0.4120   -0.4120    6.0318    9.6500   11.0281   11.0281   12.7328   12.7328   15.1158   18.1218   18.8893   18.8897   20.6720   21.7694   21.7760
  3.8425  -21.2436  -21.2309  -21.2309  -12.7170   -1.4227   -0.4326   -0.4326    6.2260    9.5928   10.9805   10.9805   12.9137   12.9138   14.9807   18.7116   19.3205   19.3206   20.1282   21.1860   21.2205
  3.8928  -21.2457  -21.2311  -21.2311  -12.6914   -1.5612   -0.4527   -0.4527    6.3989    9.5742   10.9185   10.9185   13.1442   13.1442   14.8528   19.2727   19.6624   19.7469   19.7472   20.6271   20.6303
  3.9431  -21.2476  -21.2312  -21.2312  -12.6667   -1.6894   -0.4718   -0.4718    6.5446    9.5943   10.8508   10.8508   13.4160   13.4160   14.7386   19.0409   19.8812   19.8814   20.0425   20.3796   20.3831
  3.9934  -21.2494  -21.2313  -21.2313  -12.6436   -1.8048   -0.4894   -0.4894    6.6605    9.6493   10.7839   10.7839   13.7225   13.7225   14.6422   18.5788   19.3920   19.3937   20.7024   20.7746   20.7771
  4.0437  -21.2511  -21.2315  -21.2315  -12.6226   -1.9057   -0.5051   -0.5051    6.7473    9.7309   10.7223   10.7223   14.0583   14.0585   14.5664   18.1459   18.8480   18.8490   21.2388   21.2406   21.3836
  4.0939  -21.2525  -21.2316  -21.2316  -12.6045   -1.9904   -0.5185   -0.5185    6.8086    9.8267   10.6688   10.6688   14.4185   14.4186   14.5122   17.7602   18.3133   18.3134   21.7074   21.7093   22.0762
  4.1442  -21.2536  -21.2317  -21.2317  -12.5898   -2.0576   -0.5292   -0.5292    6.8493    9.9223   10.6256   10.6256   14.4787   14.7973   14.7976   17.4361   17.7981   17.7983   22.1640   22.1659   22.7664
  4.1945  -21.2544  -21.2317  -21.2317  -12.5789   -2.1063   -0.5370   -0.5370    6.8743   10.0032   10.5939   10.5939   14.4621   15.1823   15.1827   17.1877   17.3150   17.3153   22.5878   22.6161   23.5452
  4.2448  -21.2549  -21.2318  -21.2318  -12.5723   -2.1358   -0.5418   -0.5418    6.8877   10.0572   10.5746   10.5746   14.4564   15.5388   15.5389   16.8999   16.9000   17.0300   22.9286   23.0753   24.1481
  4.2951  -21.2551  -21.2318  -21.2318  -12.5701   -2.1457   -0.5434   -0.5434    6.8919   10.0761   10.5682   10.5682   14.4553   15.7222   15.7224   16.6970   16.6974   16.9759   23.0694   23.1129   24.5104
  4.2951  -21.2551  -21.2318  -21.2318  -12.5701   -2.1457   -0.5434   -0.5434    6.8919   10.0761   10.5682   10.5682   14.4553   15.7222   15.7225   16.6970   16.6981   16.9759   23.0655   23.1842   24.2140
  4.3362  -21.2550  -21.2319  -21.2318  -12.5696   -2.1425   -0.5506   -0.5449    6.9059   10.0621   10.5505   10.5778   14.4903   15.6917   15.7090   16.5415   16.7317   17.1629   23.1014   23.2804   24.5202
  4.3773  -21.2549  -21.2321  -21.2319  -12.5684   -2.1331   -0.5718   -0.5494    6.9476   10.0196   10.5011   10.6067   14.5897   15.5896   15.6789   16.3537   16.8273   17.4533   22.8973   23.0517   24.4872
  4.4183  -21.2546  -21.2324  -21.2320  -12.5664   -2.1175   -0.6061   -0.5568    7.0157    9.9484   10.4287   10.6545   14.7365   15.4083   15.6558   16.2342   16.9671   17.7536   22.7139   22.8644   24.2663
  4.4594  -21.2541  -21.2329  -21.2321  -12.5637   -2.0958   -0.6521   -0.5674    7.1082    9.8500   10.3431   10.7205   14.8978   15.1707   15.6755   16.1741   17.1378   18.0470   22.5036   22.7306   24.3018
  4.5004  -21.2536  -21.2335  -21.2323  -12.5603   -2.0683   -0.7079   -0.5812    7.2227    9.7283   10.2517   10.8037   14.9089   15.0231   15.7856   16.1467   17.3284   18.3214   22.2967   22.6233   24.7218
  4.5415  -21.2530  -21.2342  -21.2325  -12.5564   -2.0352   -0.7715   -0.5983    7.3563    9.5903   10.1581   10.9021   14.6437   15.0832   16.0108   16.1371   17.5306   18.5651   22.0803   22.4468   24.8232
  4.5826  -21.2523  -21.2349  -21.2328  -12.5519   -1.9968   -0.8405   -0.6189    7.5060    9.4435   10.0635   11.0122   14.3887   15.0993   16.1359   16.3244   17.7380   18.7616   21.8078   22.3745   24.6777
  4.6236  -21.2515  -21.2357  -21.2331  -12.5472   -1.9537   -0.9128   -0.6430    7.6684    9.2945    9.9687   11.1285   14.1548   15.0988   16.1400   16.6935   17.9464   18.8910   21.6068   22.1794   24.5736
  4.6647  -21.2507  -21.2366  -21.2335  -12.5422   -1.9061   -0.9862   -0.6707    7.8407    9.1488    9.8748   11.2423   13.9541   15.0953   16.1470   17.0984   18.1508   18.9321   21.4598   22.0864   24.7613
  4.7058  -21.2498  -21.2374  -21.2339  -12.5371   -1.8548   -1.0587   -0.7020    8.0198    9.0102    9.7830   11.3406   13.8013   15.0944   16.1560   17.5265   18.3489   18.8691   21.3698   21.9876   25.0691
  4.7468  -21.2488  -21.2383  -21.2344  -12.5321   -1.8003   -1.1284   -0.7367    8.2029    8.8818    9.6947   11.4069   13.7137   15.0972   16.1636   17.9629   18.5404   18.7052   21.3448   21.9336   24.6456
  4.7879  -21.2478  -21.2391  -21.2349  -12.5273   -1.7435   -1.1937   -0.7747    8.3872    8.7655    9.6119   11.4260   13.7079   15.1042   16.1710   18.3677   18.4574   18.7594   21.3566   21.9101   24.6019
  4.8290  -21.2468  -21.2399  -21.2355  -12.5228   -1.6853   -1.2531   -0.8154    8.5699    8.6628    9.5360   11.3919   13.7890   15.1143   16.1744   18.1546   18.6394   19.1010   21.3925   21.9405   24.6088
  4.8700  -21.2458  -21.2405  -21.2361  -12.5187   -1.6271   -1.3054   -0.8580    8.5749    8.7474    9.4687   11.3126   13.9502   15.1261   16.1704   17.8145   18.7807   19.5505   21.4357   21.9596   24.5819
  4.9111  -21.2449  -21.2411  -21.2367  -12.5152   -1.5705   -1.3496   -0.9013    8.5023    8.9150    9.4114   11.2047   14.1752   15.1383   16.1546   17.4650   18.8664   20.0334   21.5238   22.1076   24.6245
  4.9522  -21.2439  -21.2416  -21.2374  -12.5124   -1.5180   -1.3848   -0.9429    8.4455    9.0660    9.3655   11.0880   14.4446   15.1495   16.1134   17.1332   18.9216   20.5172   21.5040   22.1391   24.3775
  4.9932  -21.2431  -21.2419  -21.2380  -12.5103   -1.4736   -1.4105   -0.9795    8.4048    9.1904    9.3319   10.9820   14.7375   15.1586   16.0223   16.8622   18.9545   20.9774   21.5296   22.1561   23.8525
  5.0343  -21.2425  -21.2422  -21.2385  -12.5090   -1.4426   -1.4260   -1.0057    8.3803    9.2745    9.3115   10.9067   15.0176   15.1644   15.8657   16.6953   18.9731   21.3641   21.5401   22.1420   23.8830
  5.0753  -21.2422  -21.2422  -21.2387  -12.5086   -1.4312   -1.4312   -1.0154    8.3722    9.3046    9.3046   10.8792   15.1664   15.1665   15.7543   16.6464   18.9809   21.5412   21.5437   22.0988   23.5640
  5.0753  -21.2422  -21.2422  -21.2387  -12.5086   -1.4312   -1.4312   -1.0154    8.3722    9.3046    9.3046   10.8792   15.1665   15.1668   15.7547   16.6453   18.9867   21.5410   21.5442   22.0964   23.5797
  5.1044  -21.2427  -21.2418  -21.2387  -12.5087   -1.4723   -1.3894   -1.0145    8.3579    9.1798    9.4291   10.9001   15.0690   15.2675   15.7529   16.6445   18.9640   21.4374   21.6576   22.1065   23.6100
  5.1334  -21.2431  -21.2414  -21.2387  -12.5090   -1.5125   -1.3471   -1.0116    8.3167    9.0557    9.5526   10.9612   14.9759   15.3716   15.7488   16.6459   18.9189   21.3423   21.7816   22.1759   23.7523
  5.1625  -21.2435  -21.2409  -21.2386  -12.5095   -1.5515   -1.3046   -1.0068    8.2525    8.9329    9.6742   11.0586   14.8872   15.4777   15.7420   16.6436   18.8426   21.2606   21.9069   22.1321   23.5090
  5.1915  -21.2439  -21.2405  -21.2385  -12.5102   -1.5891   -1.2623   -1.0002    8.1709    8.8124    9.7931   11.1869   14.8033   15.5853   15.7323   16.6397   18.7388   21.1887   22.0449   22.1589   23.5420
  5.2205  -21.2443  -21.2401  -21.2384  -12.5110   -1.6250   -1.2204   -0.9920    8.0771    8.6950    9.9086   11.3407   14.7247   15.6930   15.7199   16.6374   18.6138   21.1392   22.1860   22.1953   23.4040
  5.2496  -21.2447  -21.2397  -21.2383  -12.5120   -1.6593   -1.1793   -0.9825    7.9761    8.5814   10.0198   11.5151   14.6513   15.7043   15.7998   16.6304   18.4589   21.0954   22.2414   22.3695   23.6421
  5.2786  -21.2451  -21.2394  -21.2382  -12.5131   -1.6916   -1.1393   -0.9718    7.8720    8.4725   10.1261   11.7061   14.5833   15.6856   15.9041   16.6254   18.2882   21.0656   22.2792   22.5019   23.4083
  5.3076  -21.2455  -21.2390  -21.2381  -12.5143   -1.7218   -1.1007   -0.9603    7.7680    8.3691   10.2268   11.9104   14.5207   15.6632   16.0049   16.6244   18.1020   21.0703   22.5201   22.6992   23.4851
  5.3367  -21.2458  -21.2387  -21.2379  -12.5155   -1.7498   -1.0640   -0.9482    7.6667    8.2718   10.3212   12.1252   14.4637   15.6365   16.1004   16.6150   17.9041   21.0683   22.5451   22.8439   23.3899
  5.3657  -21.2461  -21.2384  -21.2378  -12.5167   -1.7754   -1.0294   -0.9359    7.5701    8.1813   10.4087   12.3485   14.4121   15.6041   16.1895   16.6096   17.6993   21.1179   22.4658   23.0582   23.3057
  5.3948  -21.2464  -21.2381  -21.2376  -12.5180   -1.7987   -0.9973   -0.9236    7.4800    8.0985   10.4887   12.5782   14.3661   15.5649   16.2709   16.6070   17.4927   21.1521   22.5035   23.1732   23.2211
  5.4238  -21.2466  -21.2378  -21.2375  -12.5191   -1.8194   -0.9681   -0.9118    7.3978    8.0237   10.5607   12.8124   14.3255   15.5160   16.3438   16.6000   17.2899   21.2195   22.5420   23.1652   23.3211
  5.4528  -21.2469  -21.2376  -21.2374  -12.5202   -1.8375   -0.9420   -0.9008    7.3244    7.9577   10.6241   13.0491   14.2905   15.4545   16.4075   16.5957   17.0964   21.3067   22.6353   23.0916   23.5917
  5.4819  -21.2471  -21.2374  -21.2373  -12.5212   -1.8529   -0.9194   -0.8908    7.2609    7.9009   10.6785   13.2862   14.2608   15.3765   16.4611   16.5913   16.9201   21.4198   22.7036   23.0162   23.6710
  5.5109  -21.2472  -21.2373  -21.2372  -12.5221   -1.8656   -0.9005   -0.8822    7.2079    7.8539   10.7236   13.5203   14.2366   15.2793   16.5050   16.5881   16.7683   21.5289   22.7190   22.9721   23.8290
  5.5399  -21.2473  -21.2372  -21.2371  -12.5227   -1.8756   -0.8856   -0.8753    7.1661    7.8168   10.7590   13.7464   14.2179   15.1616   16.5390   16.5852   16.6470   21.6514   22.7431   22.9054   23.9446
  5.5690  -21.2474  -21.2371  -21.2370  -12.5232   -1.8827   -0.8747   -0.8702    7.1359    7.7902   10.7845   13.9548   14.2044   15.0306   16.5602   16.5630   16.5865   21.7977   22.8069   22.9094   24.1008
  5.5980  -21.2475  -21.2370  -21.2370  -12.5235   -1.8870   -0.8682   -0.8671    7.1177    7.7741   10.7999   14.1222   14.1964   14.9092   16.5087   16.5772   16.5820   21.8200   22.7685   22.9647   24.0395
  5.6270  -21.2475  -21.2370  -21.2370  -12.5236   -1.8884   -0.8660   -0.8660    7.1116    7.7687   10.8050   14.1937   14.1938   14.8531   16.4913   16.5817   16.5827   21.8424   22.7589   22.8180   24.3029
