#K-Path     Band-1    Band-2    Band-3    Band-4      ...     Band-n
  0.0000  -24.9624  -24.9624  -24.9536  -24.9536  -24.9502  -13.1199   -5.1715   -2.1042   -1.7403   -1.7403    2.5086    3.0208    3.0208    5.6950    5.9347    6.0769    7.8937    8.0210    8.1071    8.6371   20.8419   20.9842   21.1141   21.4607   22.4529   23.5644   24.5434   26.4187   27.5605   28.6430
  0.0449  -24.9625  -24.9625  -24.9536  -24.9536  -24.9502  -13.1141   -5.2089   -2.0765   -1.7394   -1.7394    2.5010    2.9967    2.9967    5.6722    5.9254    6.0743    7.8171    7.8820    8.0170    8.1071   20.2128   20.7425   21.0434   21.8921   24.3390   25.2683   26.1130   27.2466   28.6768   30.2932
  0.0899  -24.9625  -24.9625  -24.9536  -24.9536  -24.9502  -13.0967   -5.3163   -1.9983   -1.7367   -1.7367    2.4783    2.9267    2.9267    5.6127    5.9526    6.0317    7.9682    8.0356    8.1697    8.2333   19.9945   20.1787   21.3229   22.7489   23.6523   25.3739   25.8455   26.7367   29.0862   30.5191
  0.1348  -24.9625  -24.9625  -24.9535  -24.9535  -24.9501  -13.0678   -5.4819   -1.8816   -1.7320   -1.7320    2.4407    2.8167    2.8167    5.5358    5.9504    6.1925    8.1252    8.3188    8.4404    8.8527   19.1087   19.5027   21.5465   23.0219   24.1136   24.8482   25.8802   27.9855   29.0216   31.6640
  0.1798  -24.9625  -24.9625  -24.9535  -24.9535  -24.9501  -13.0276   -5.6914   -1.7403   -1.7253   -1.7253    2.3887    2.6750    2.6750    5.4619    6.0282    6.1177    8.3826    8.5023    8.6270    8.7549   18.3753   18.7991   19.5305   22.9023   23.2810   23.7203   24.7224   25.5655   26.5331   27.4391
  0.2247  -24.9626  -24.9626  -24.9534  -24.9534  -24.9501  -12.9764   -5.9318   -1.7162   -1.7162   -1.5872    2.3228    2.5104    2.5104    5.4075    6.2305    6.5317    8.6205    8.7510    8.9709    9.4842   17.9410   19.1505   19.8897   23.8207   24.6900   25.2870   26.1252   27.0295   28.0142   32.1743
  0.2697  -24.9626  -24.9626  -24.9533  -24.9533  -24.9500  -12.9145   -6.1926   -1.7048   -1.7048   -1.4321    2.2438    2.3308    2.3308    5.3841    6.2221    6.3093    8.9800    9.1205    9.2346    9.3977   17.0248   17.3012   18.0673   23.2348   23.3391   24.0721   24.6502   25.4996   26.9664   27.9908
  0.3146  -24.9627  -24.9627  -24.9533  -24.9533  -24.9500  -12.8426   -6.4656   -1.6907   -1.6907   -1.2819    2.1430    2.1430    2.1530    5.3991    6.5463    6.6484    9.3629    9.4974    9.7392    9.9514   16.5234   17.1232   18.3891   23.5779   24.1767   25.6073   26.0300   27.2037   29.2771   30.5511
  0.3595  -24.9628  -24.9628  -24.9532  -24.9532  -24.9499  -12.7612   -6.7444   -1.6740   -1.6740   -1.1410    1.9528    1.9528    2.0522    5.4562    6.6546    6.8659    9.7522    9.9169   10.2285   10.4565   16.4318   17.2308   17.9045   23.6684   24.1891   25.3537   26.9546   27.2875   28.7746   30.2837
  0.4045  -24.9629  -24.9629  -24.9531  -24.9531  -24.9499  -12.6712   -7.0238   -1.6545   -1.6545   -1.0120    1.7645    1.7645    1.9439    5.5564    6.8404    7.0112   10.1328   10.3261   10.5805   10.7238   15.3516   15.7219   16.2720   22.6556   23.0928   24.6978   25.2992   26.0738   28.5708   29.3060
  0.4494  -24.9629  -24.9629  -24.9530  -24.9530  -24.9498  -12.5739   -7.2993   -1.6325   -1.6325   -0.8959    1.5820    1.5820    1.8311    5.6981    7.2546    7.6810   10.5159   10.8704   11.0423   11.3581   14.5579   15.5852   16.4000   22.5374   23.0028   25.2241   25.8302   26.5550   29.0014   30.0140
  0.4944  -24.9630  -24.9630  -24.9529  -24.9529  -24.9498  -12.4708   -7.5669   -1.6082   -1.6082   -0.7927    1.4083    1.4083    1.7173    5.8779    7.6169    7.9442   10.8501   11.4433   11.7518   12.5209   14.6043   15.9827   16.6107   21.8871   22.1867   24.0801   25.4871   25.9155   26.9834   27.8870
  0.5393  -24.9631  -24.9631  -24.9528  -24.9528  -24.9497  -12.3638   -7.8227   -1.5821   -1.5821   -0.7019    1.2462    1.2462    1.6056    6.0912    7.5205    7.8293   11.0668   11.7849   11.8950   12.2351   13.6460   14.4386   15.4334   20.6937   21.6633   22.5075   23.8726   24.4831   25.6847   28.5091
  0.5843  -24.9632  -24.9632  -24.9527  -24.9527  -24.9497  -12.2557   -8.0623   -1.5551   -1.5551   -0.6228    1.0983    1.0983    1.4994    6.3323    8.1403    8.2707   11.1904   12.0358   12.6485   12.8227   13.6616   13.9926   15.1646   20.0409   21.3691   22.2610   23.3846   25.3961   26.7067   27.9276
  0.6292  -24.9632  -24.9632  -24.9527  -24.9527  -24.9496  -12.1498   -8.2812   -1.5281   -1.5281   -0.5549    0.9671    0.9671    1.4019    6.5940    8.2146    8.5627   11.0053   12.1771   12.9869   13.2537   13.5613   14.5388   15.4696   19.4863   21.0979   23.0136   24.0014   26.3777   28.4483   29.4938
  0.6741  -24.9633  -24.9633  -24.9526  -24.9526  -24.9496  -12.0507   -8.4740   -1.5027   -1.5027   -0.4980    0.8549    0.8549    1.3162    6.8665    8.5076    8.5665   10.8501   11.8687   12.1666   13.4623   13.8279   14.0732   16.4215   18.5597   19.3838   21.3163   22.0548   25.0713   26.1510   27.9586
  0.7191  -24.9633  -24.9633  -24.9525  -24.9525  -24.9496  -11.9637   -8.6345   -1.4804   -1.4804   -0.4524    0.7643    0.7643    1.2454    7.1359    8.9163    9.0168   10.6337   11.4411   12.0064   13.9518   14.2265   14.9181   15.8666   17.7752   18.2207   19.6003   21.9459   25.5629   26.4044   27.1201
  0.7640  -24.9634  -24.9634  -24.9525  -24.9525  -24.9496  -11.8950   -8.7561   -1.4629   -1.4629   -0.4188    0.6976    0.6976    1.1922    7.3792    9.2171    9.8572   10.5351   11.1643   11.8172   14.5324   14.8588   15.6249   16.3270   17.3088   17.4570   19.3883   20.3757   25.6444   26.3736   27.5555
  0.8090  -24.9634  -24.9634  -24.9525  -24.9525  -24.9496  -11.8507   -8.8324   -1.4517   -1.4517   -0.3981    0.6567    0.6567    1.1592    7.5591    9.5253    9.6254   10.1593   10.9821   11.4202   15.1122   15.2934   15.9515   16.4131   16.7386   17.3274   18.4082   20.7380   25.5193   26.0999   27.7154
  0.8539  -24.9634  -24.9634  -24.9525  -24.9525  -24.9495  -11.8354   -8.8584   -1.4478   -1.4478   -0.3911    0.6429    0.6429    1.1480    7.6276    9.6795    9.8791   10.3086   10.5382   10.7279   15.2532   15.7767   15.9602   16.0482   16.4462   17.0453   17.6761   19.3936   25.2699   26.6534   27.2933
  0.8539  -24.9634  -24.9634  -24.9525  -24.9525  -24.9495  -11.8354   -8.8584   -1.4478   -1.4478   -0.3911    0.6429    0.6429    1.1480    7.6276    9.7608    9.9589   10.1956   10.5076   11.0585   15.6545   15.8343   16.0887   16.4244   16.7331   17.0265   17.7699   20.3571   24.9281   26.4809   27.2857
  0.9202  -24.9634  -24.9633  -24.9525  -24.9525  -24.9495  -11.8339   -8.8388   -1.6396   -1.5026   -0.3414    0.5715    0.7286    1.3821    7.5190    9.5524   10.0460   10.1430   10.8300   11.2899   15.2106   15.6970   16.5176   16.6674   17.0018   18.2477   19.7902   22.5026   25.2439   26.3938   27.5762
  0.9865  -24.9635  -24.9632  -24.9526  -24.9525  -24.9495  -11.8292   -8.7811   -2.0373   -1.6612   -0.4091    0.6220    1.0171    1.8182    7.1929    9.1189    9.8109   10.2269   11.0738   12.2108   14.6574   15.3371   16.2520   16.8523   17.3509   18.9848   20.4426   21.7523   25.8007   28.1457   29.6478
  1.0528  -24.9635  -24.9630  -24.9528  -24.9525  -24.9494  -11.8202   -8.6889   -2.4795   -1.9057   -0.5983    0.7882    1.4796    2.3043    6.7108    8.9019    9.7982   10.1395   11.1207   12.5830   13.9918   15.2924   15.7703   16.2425   17.5089   18.9360   20.2596   21.8241   23.8348   25.3723   28.4778
  1.1191  -24.9636  -24.9627  -24.9531  -24.9525  -24.9493  -11.8051   -8.5679   -2.9124   -2.2077   -0.8011    1.0002    2.0186    2.7948    6.1857    8.8447    9.7429   10.3850   11.4150   12.5090   13.5531   14.8254   15.4838   16.7672   17.8205   18.8282   20.1198   21.4775   22.9848   24.4049   25.8755
  1.1854  -24.9637  -24.9624  -24.9534  -24.9525  -24.9491  -11.7823   -8.4265   -3.3132   -2.5367   -0.9959    1.2425    2.5733    3.2493    5.7087    8.7873    9.5695   10.6472   11.5963   12.7417   13.5002   14.9264   15.6235   15.7222   17.9922   20.2932   20.7155   21.4329   23.0340   23.9733   25.5254
  1.2517  -24.9639  -24.9620  -24.9537  -24.9525  -24.9489  -11.7503   -8.2761   -3.6670   -2.8678   -1.1897    1.5073    3.1077    3.6008    5.3639    8.9386    9.8267   10.8290   11.4902   12.4816   13.8352   14.9082   15.5207   17.0679   18.5840   20.5566   21.1915   21.6336   22.3179   24.6027   25.2619
  1.3180  -24.9640  -24.9616  -24.9541  -24.9525  -24.9487  -11.7080   -8.1310   -3.9614   -3.1816   -1.3937    1.7871    3.5860    3.7618    5.2376    8.8999    9.8979   10.8614   11.6313   12.6336   13.2442   15.3177   16.3604   17.8068   18.7078   20.9789   21.9417   22.9565   24.9329   26.5909   29.3762
  1.3843  -24.9641  -24.9613  -24.9544  -24.9525  -24.9485  -11.6550   -8.0086   -4.1875   -3.4602   -1.6174    2.0722    3.6856    4.0456    5.2796    8.9000    9.7918   10.7441   11.5135   12.4853   13.1485   15.0491   15.4750   16.7700   18.5985   19.5448   20.3937   20.7266   22.8226   24.9703   27.5311
  1.4506  -24.9642  -24.9610  -24.9547  -24.9525  -24.9483  -11.5914   -7.9261   -4.3481   -3.6773   -1.8666    2.3472    3.5973    4.4037    5.2821    9.0123    9.6495   10.8928   11.4925   12.3636   13.6276   15.3448   15.9415   17.2721   19.4791   20.1426   21.7902   22.5863   24.6434   25.8077   27.4142
  1.5169  -24.9643  -24.9607  -24.9550  -24.9526  -24.9481  -11.5183   -7.8952   -4.4724   -3.7892   -2.1417    2.5871    3.5742    4.6941    5.1245    9.2554    9.9702   11.1820   11.8439   12.5678   13.8350   14.5511   15.6396   16.6949   18.5394   19.5266   20.5399   21.1219   22.4289   24.0233   25.7391
  1.5832  -24.9643  -24.9605  -24.9552  -24.9527  -24.9480  -11.4376   -7.9168   -4.6004   -3.7547   -2.4368    2.7672    3.6645    4.7449    5.0035    9.4886   10.3644   11.7207   11.8919   12.2177   13.6097   14.6407   15.3282   17.2774   17.9697   19.9644   20.8316   21.5002   24.2879   24.8518   25.1031
  1.6495  -24.9643  -24.9603  -24.9553  -24.9527  -24.9478  -11.3521   -7.9802   -4.7359   -3.5872   -2.7357    2.8912    3.8167    4.4223    5.1781    9.6444   10.8541   11.3758   11.8180   12.4134   13.5535   14.5039   16.1102   17.4704   18.1194   19.1498   21.8798   22.6039   24.5846   24.8342   26.3129
  1.7158  -24.9643  -24.9603  -24.9554  -24.9528  -24.9478  -11.2656   -8.0689   -4.8591   -3.3896   -2.9613    2.9514    3.7640    4.3648    5.3390    9.6921   10.7780   11.6765   11.9840   12.6877   14.3531   14.7108   16.2812   16.8890   17.7286   20.3713   21.5738   23.5524   24.8504   26.2562   28.9771
  1.7821  -24.9642  -24.9603  -24.9553  -24.9529  -24.9477  -11.1829   -8.1655   -4.9551   -3.5042   -2.7937    2.8091    3.6458    4.6171    5.4684    9.1701   10.6560   11.5166   12.4548   12.9467   14.3463   15.0367   16.4491   17.7886   18.1853   19.6219   21.3220   23.2880   24.2016   25.2391   27.4106
  1.8484  -24.9641  -24.9603  -24.9553  -24.9530  -24.9477  -11.1094   -8.2554   -5.0153   -3.7823   -2.3973    2.4193    3.7684    4.9309    5.5623    8.5119   10.6325   12.1113   12.9849   13.8244   14.7275   15.5762   16.7405   17.6641   18.5922   20.2905   21.0113   22.9133   25.0585   26.2969   28.7065
  1.9147  -24.9640  -24.9604  -24.9551  -24.9531  -24.9477  -11.0507   -8.3276   -5.0348   -4.0642   -1.9475    1.9553    4.0166    5.2557    5.6097    7.9609   11.1500   11.4832   12.2299   12.9879   14.8521   15.5072   16.3455   17.2735   17.9441   19.7426   20.0100   20.7177   21.8868   22.8332   25.2579
  1.9810  -24.9639  -24.9606  -24.9550  -24.9532  -24.9477  -11.0116   -8.3742   -5.0109   -4.3259   -1.4928    1.5075    4.3274    5.5416    5.6181    7.3453   11.2423   12.0616   12.2812   13.1379   14.8026   15.8181   16.6859   17.0818   18.1068   19.3424   20.2935   21.0502   21.6250   24.4502   26.2494
  2.0473  -24.9639  -24.9606  -24.9549  -24.9532  -24.9477  -10.9951   -8.3913   -4.9436   -4.5568   -1.0974    1.1478    4.6747    5.3934    5.9149    6.8692   11.2643   11.8477   11.9834   13.4169   14.7356   16.7399   17.1470   17.9570   18.6674   20.1301   20.8551   21.7169   22.6349   25.5153   27.5160
  2.1136  -24.9639  -24.9607  -24.9548  -24.9532  -24.9478  -11.0016   -8.3786   -4.8539   -4.7309   -0.8902    1.0037    5.0200    5.0514    6.1803    6.6935   11.4818   11.6532   12.7537   13.7793   14.1160   15.0941   16.7745   17.4214   17.7519   18.5042   20.1589   21.0318   22.5732   22.9396   23.9129
  2.1136  -24.9639  -24.9607  -24.9548  -24.9532  -24.9478  -11.0016   -8.3786   -4.8539   -4.7309   -0.8902    1.0037    5.0200    5.0514    6.1803    6.6599   11.4750   11.7726   12.3658   13.8955   14.0802   15.4942   16.9027   17.2147   18.4252   18.9414   20.7732   20.9634   23.3694   24.5645   25.3111
  2.1513  -24.9638  -24.9607  -24.9548  -24.9533  -24.9477  -10.9889   -8.4091   -4.8870   -4.6264   -0.9513    0.9833    5.0226    5.1011    6.1137    6.6490   11.5460   11.9378   12.1786   14.0327   14.7157   15.7597   16.9730   17.7022   18.2720   18.8357   20.3584   21.2466   22.8667   24.2396   25.3772
  2.1889  -24.9637  -24.9607  -24.9548  -24.9534  -24.9477  -10.9856   -8.4459   -4.8914   -4.4966   -1.0156    0.9549    5.0008    5.1148    6.0590    6.4660   11.3078   11.6850   12.4153   13.0881   14.8290   16.1791   17.3764   17.6890   18.0726   18.7697   19.9113   20.9602   21.6793   23.0067   24.8441
  2.2266  -24.9636  -24.9608  -24.9549  -24.9534  -24.9477  -10.9914   -8.4878   -4.8661   -4.3438   -1.0820    0.9195    4.9354    5.0591    6.0287    6.5123   11.2725   11.7268   12.4690   12.8014   15.4655   16.4150   16.7756   17.6237   18.2138   18.6241   20.2176   21.0801   22.0239   23.2428   24.9007
  2.2643  -24.9634  -24.9608  -24.9549  -24.9535  -24.9477  -11.0054   -8.5337   -4.8112   -4.1705   -1.1492    0.8782    4.8087    4.9174    6.0410    6.8017   10.8053   11.8485   12.2119   12.6862   15.9948   16.4179   17.5981   17.8945   18.3418   19.0438   19.9857   20.9472   21.9475   23.7960   24.9454
  2.3020  -24.9633  -24.9609  -24.9548  -24.9536  -24.9477  -11.0265   -8.5825   -4.7270   -3.9791   -1.2158    0.8326    4.6051    4.7163    6.1087    6.6882   10.7276   11.6424   12.1442   13.4396   15.9814   16.8070   17.1050   18.8234   19.6783   19.9318   21.0546   21.5644   22.4470   24.3127   26.7077
  2.3397  -24.9632  -24.9610  -24.9548  -24.9537  -24.9477  -11.0535   -8.6334   -4.6145   -3.7717   -1.2805    0.7840    4.3233    4.4913    6.2242    6.9382   10.5483   11.2718   12.6076   13.3793   16.0379   17.0486   17.5633   18.1909   18.8988   19.7299   20.6189   21.3589   22.7441   23.8790   27.6841
  2.3774  -24.9631  -24.9610  -24.9548  -24.9538  -24.9478  -11.0848   -8.6851   -4.4752   -3.5505   -1.3418    0.7338    3.9908    4.2455    6.3759    7.0521   10.1911   11.1049   12.5583   13.5655   15.4764   16.1996   17.2924   18.3093   18.4101   19.4484   20.1699   20.9576   21.6827   22.3221   22.8607
  2.4151  -24.9630  -24.9610  -24.9547  -24.9538  -24.9478  -11.1191   -8.7367   -4.3108   -3.3179   -1.3979    0.6833    3.6286    3.9788    6.5550    7.3214   10.0922   10.7305   13.1892   13.7748   15.0326   16.1271   17.5763   18.5745   19.1742   19.5367   20.6929   20.8613   21.8702   22.2162   25.8283
  2.4527  -24.9630  -24.9610  -24.9547  -24.9539  -24.9478  -11.1550   -8.7872   -4.1232   -3.0770   -1.4465    0.6337    3.2489    3.6943    6.7553    7.5337    9.8690   10.4700   13.3883   13.8313   15.2086   16.0216   17.8131   18.7349   19.5242   20.3322   21.2435   21.6936   22.4435   23.1464   24.1944
  2.4904  -24.9631  -24.9609  -24.9546  -24.9540  -24.9478  -11.1910   -8.8357   -3.9148   -2.8319   -1.4839    0.5861    2.8595    3.3951    6.9718    7.7733    9.6705   10.2787   13.1800   13.5228   14.9949   15.3900   17.9221   18.5465   19.6832   20.4106   20.5657   20.9040   21.7808   22.2855   23.6488
  2.5281  -24.9632  -24.9608  -24.9546  -24.9541  -24.9479  -11.2262   -8.8813   -3.6880   -2.5901   -1.5038    0.5413    2.4665    3.0843    7.1997    7.8143    9.5808   10.7865   13.1505   13.4933   14.9917   15.5466   18.0611   18.7863   19.9383   20.3389   20.7294   21.2029   22.4331   23.5783   24.8286
  2.5658  -24.9633  -24.9607  -24.9545  -24.9541  -24.9479  -11.2595   -8.9233   -3.4456   -2.3654   -1.4934    0.5002    2.0753    2.7648    7.4329    8.4111    9.5407    9.9895   12.9015   13.3912   14.8549   16.0852   18.1435   18.8039   19.3840   20.2284   20.7733   21.4273   22.4700   24.6755   25.9747
  2.6035  -24.9634  -24.9606  -24.9545  -24.9542  -24.9479  -11.2900   -8.9609   -3.1911   -2.1820   -1.4302    0.4633    1.6913    2.4398    7.6627    8.4323    9.4679    9.8474   12.7117   13.6585   15.1209   15.6199   17.6220   19.0619   19.7735   20.6024   21.5099   22.1835   23.4171   25.0169   25.5464
  2.6412  -24.9635  -24.9604  -24.9545  -24.9542  -24.9480  -11.3170   -8.9937   -2.9290   -2.0639   -1.2931    0.4312    1.3211    2.1126    7.8748    8.6456    9.4146    9.7859   12.5085   13.5670   15.1287   16.4693   17.7201   18.6346   19.5147   19.7638   20.1179   21.5356   22.3771   24.2587   26.0457
  2.6789  -24.9636  -24.9603  -24.9544  -24.9543  -24.9480  -11.3398   -9.0211   -2.6660   -2.0062   -1.0919    0.4042    0.9741    1.7877    8.0482    8.8967    9.3863    9.6989   11.8669   12.8594   15.5183   16.0280   17.8052   18.2731   19.3893   20.5093   21.0386   22.5184   23.6536   25.0474   25.7174
  2.7166  -24.9637  -24.9602  -24.9544  -24.9543  -24.9480  -11.3580   -9.0428   -2.4130   -1.9829   -0.8625    0.3824    0.6666    1.4718    8.1636    9.1033    9.5445    9.8953   11.5855   12.1371   15.6688   16.5992   17.9396   18.9563   19.3358   19.7672   21.1701   22.1193   23.5966   24.7714   25.7750
  2.7542  -24.9638  -24.9602  -24.9544  -24.9543  -24.9480  -11.3713   -9.0585   -2.1892   -1.9743   -0.6470    0.3632    0.4312    1.1778    8.2228    9.2117    9.8309   10.1277   11.2778   12.2857   15.7038   16.4854   17.4383   17.9047   18.9574   19.8489   20.6637   22.5089   23.7206   25.1284   25.9475
  2.7919  -24.9638  -24.9601  -24.9544  -24.9543  -24.9480  -11.3794   -9.0680   -2.0299   -1.9674   -0.4992    0.2969    0.3633    0.9370    8.2462    9.0947    9.9860   10.4263   11.0544   11.5176   16.1812   16.9311   17.3605   18.6783   19.1826   20.4868   21.1902   21.9845   24.2339   26.3133   27.0252
  2.8296  -24.9639  -24.9601  -24.9544  -24.9543  -24.9480  -11.3821   -9.0712   -1.9879   -1.9469   -0.4534    0.2788    0.3588    0.8310    8.2520    8.9972   10.4365   10.5491   10.7669   12.3014   16.8859   17.3468   17.7824   18.2086   19.1273   20.5914   21.4112   23.3922   24.8813   26.2009   27.8336
  2.8296  -24.9639  -24.9601  -24.9544  -24.9543  -24.9480  -11.3821   -9.0712   -1.9879   -1.9469   -0.4534    0.2788    0.3588    0.8310    8.2520    8.9858   10.1901   10.3725   10.8856   11.4260   16.3614   16.9874   17.1122   17.5681   19.1939   19.7216   20.6138   21.3629   24.4230   24.9549   25.3292
  2.8776  -24.9638  -24.9601  -24.9543  -24.9543  -24.9480  -11.4081   -9.0344   -1.9913   -1.9464   -0.4691    0.2889    0.3899    0.8426    8.0222    9.3127    9.8802   10.3623   11.0088   11.9298   15.9276   16.4905   17.2899   17.6924   18.8426   19.6322   20.3129   22.3391   24.6288   24.9313   27.2073
  2.9256  -24.9638  -24.9601  -24.9543  -24.9543  -24.9481  -11.4814   -8.9291   -2.0010   -1.9448   -0.5118    0.3263    0.4708    0.8772    7.6618    9.3614    9.7036    9.8741   11.6619   12.1873   15.7101   16.2868   17.6016   18.4387   19.5759   20.7660   21.7279   23.6901   25.1865   26.1370   27.1466
  2.9735  -24.9638  -24.9602  -24.9543  -24.9543  -24.9481  -11.5904   -8.7673   -2.0157   -1.9419   -0.5721    0.3950    0.5860    0.9343    7.3017    9.0416    9.5051   10.2555   11.9565   12.6527   15.1305   15.3873   17.1749   17.8121   19.6319   20.5167   22.0324   23.0573   23.4480   23.8092   25.0718
  3.0215  -24.9637  -24.9603  -24.9543  -24.9543  -24.9482  -11.7220   -8.5624   -2.0337   -1.9375   -0.6420    0.4924    0.7264    1.0130    6.9590    8.3133    9.2092   10.5953   12.8588   13.0192   14.7709   15.3568   16.6117   17.7755   20.2942   21.4354   22.5292   23.6675   24.8812   26.7839   29.3195
  3.0695  -24.9636  -24.9604  -24.9543  -24.9542  -24.9484  -11.8656   -8.3258   -2.0530   -1.9312   -0.7165    0.6149    0.8864    1.1121    6.6396    8.0626    8.5641   11.0703   12.8718   13.5386   14.1805   14.6955   15.7350   17.2550   20.2682   20.9232   22.9526   23.9949   24.4998   25.4107   26.3664
  3.1175  -24.9635  -24.9606  -24.9542  -24.9542  -24.9485  -12.0136   -8.0665   -2.0717   -1.9228   -0.7932    0.7586    1.0624    1.2303    6.3465    7.7191    8.3218   11.2205   12.7927   13.3032   13.5937   14.6848   15.7399   16.6958   21.0550   23.4129   23.5814   24.9287   25.9419   26.8461   28.1702
  3.1655  -24.9634  -24.9607  -24.9542  -24.9541  -24.9487  -12.1603   -7.7914   -2.0884   -1.9122   -0.8715    0.9201    1.2513    1.3657    6.0819    7.1819    7.8521   11.2963   12.3940   12.6333   13.7242   14.6295   16.0502   17.0212   21.6790   22.6350   23.6896   24.3188   25.0339   26.6411   28.2236
  3.2134  -24.9633  -24.9609  -24.9541  -24.9541  -24.9488  -12.3020   -7.5058   -2.1020   -1.8993   -0.9514    1.0958    1.4502    1.5163    5.8474    6.8729    7.6992   11.2500   11.7638   12.6066   13.7313   14.8456   15.9193   17.9430   22.2266   23.0168   23.8144   25.0035   26.0327   26.6582   28.3796
  3.2614  -24.9632  -24.9611  -24.9541  -24.9540  -24.9490  -12.4362   -7.2145   -2.1119   -1.8841   -1.0334    1.2824    1.6556    1.6798    5.6441    6.4495    7.2158   10.9675   11.3795   11.6582   12.6818   14.6573   16.6870   18.5382   21.8037   24.0386   24.4653   25.3251   27.1493   28.5478   29.1280
  3.3094  -24.9630  -24.9613  -24.9540  -24.9540  -24.9492  -12.5609   -6.9221   -2.1178   -1.8670   -1.1180    1.4758    1.8534    1.8632    5.4729    6.2274    6.8938   10.5628   10.6686   11.0565   11.8551   14.9702   16.8077   17.7239   21.8350   23.4298   24.3918   25.3782   26.2052   28.1421   30.1468
  3.3574  -24.9629  -24.9615  -24.9540  -24.9539  -24.9494  -12.6749   -6.6329   -2.1199   -1.8485   -1.2054    1.6716    2.0334    2.0673    5.3356    6.1378    6.9432   10.2058   10.4898   10.7874   11.5544   16.8796   18.5048   19.0389   22.3492   22.6872   23.7566   25.2299   27.4594   28.3852   32.4978
  3.4053  -24.9628  -24.9617  -24.9539  -24.9538  -24.9495  -12.7770   -6.3520   -2.1188   -1.8291   -1.2952    1.8641    2.2155    2.2611    5.2367    6.0435    6.6681    9.7510    9.9391   10.3581   11.3676   17.0565   19.0569   19.7649   21.9343   22.5372   23.3808   24.7362   25.5169   27.4332   28.7060
  3.4533  -24.9627  -24.9619  -24.9538  -24.9538  -24.9497  -12.8667   -6.0846   -2.1154   -1.8097   -1.3862    2.0457    2.3945    2.4379    5.1846    5.8684    6.5372    9.2965    9.4567    9.8034   10.3706   17.7277   19.3394   20.1531   21.9957   23.6111   24.9528   26.5917   27.9246   29.0371   30.7336
  3.5013  -24.9626  -24.9620  -24.9537  -24.9537  -24.9498  -12.9434   -5.8372   -2.1109   -1.7912   -1.4758    2.2064    2.5639    2.5936    5.1889    5.7727    6.0886    8.8698    8.9644    9.1176    9.6520   18.3084   19.6797   20.8337   22.4083   22.8059   23.9817   26.1552   26.7626   27.9235   29.2002
  3.5493  -24.9626  -24.9622  -24.9537  -24.9537  -24.9500  -13.0066   -5.6168   -2.1067   -1.7744   -1.5601    2.3348    2.7164    2.7284    5.2536    5.7480    6.0771    8.4797    8.6734    8.8064    9.2689   19.1109   20.5282   21.2257   22.3875   23.5837   24.0674   27.2665   27.8921   29.3409   30.3940
  3.5972  -24.9625  -24.9623  -24.9536  -24.9536  -24.9501  -13.0560   -5.4317   -2.1038   -1.7602   -1.6339    2.4238    2.8441    2.8443    5.3704    5.8579    6.3041    8.2361    8.3724    8.5499    8.7762   19.9598   21.0416   21.7138   22.0878   24.0257   25.5642   26.2389   26.8319   28.7303   29.8532
  3.6452  -24.9625  -24.9624  -24.9536  -24.9536  -24.9501  -13.0915   -5.2907   -2.1030   -1.7494   -1.6915    2.4761    2.9373    2.9408    5.5149    5.8280    5.9990    7.9986    8.1538    8.2873    8.8467   19.8614   20.9609   21.4285   22.2183   23.6142   25.0758   26.1309   27.2619   28.6204   30.4262
  3.6932  -24.9625  -24.9624  -24.9536  -24.9536  -24.9502  -13.1128   -5.2019   -2.1037   -1.7426   -1.7279    2.5014    2.9991    3.0006    5.6430    5.8119    5.8958    7.7421    7.9758    8.0471    8.1343   20.6965   21.2445   21.8177   22.5149   23.5836   25.8287   26.9739   27.9127   28.6830   31.3847
  3.7412  -24.9624  -24.9624  -24.9536  -24.9536  -24.9502  -13.1199   -5.1715   -2.1042   -1.7403   -1.7403    2.5086    3.0208    3.0208    5.6980    5.8998    6.0380    7.8200    7.9616    8.0577    8.5557   21.0066   21.1843   22.1861   22.6056   23.2752   24.3261   26.4279   28.4863   28.9725   31.2129
  3.7412  -24.9624  -24.9624  -24.9536  -24.9536  -24.9502  -13.1199   -5.1715   -2.1042   -1.7403   -1.7403    2.5086    3.0208    3.0208    5.6963    5.8108    5.9721    7.8071    7.9153    8.0349    8.1220   20.6986   21.2391   21.6936   22.2465   23.0562   25.0409   26.3018   27.5047   28.3353   30.2519
  3.7995  -24.9625  -24.9624  -24.9536  -24.9536  -24.9502  -13.1093   -5.2142   -2.1081   -1.7525   -1.7123    2.4972    2.9681    3.0146    5.6198    5.8166    5.9568    7.9238    7.9881    8.1434    8.4684   20.3228   20.9342   21.3326   22.1860   22.7515   24.1320   25.5934   27.8908   29.8914   31.7584
  3.8578  -24.9625  -24.9623  -24.9537  -24.9536  -24.9501  -13.0776   -5.3374   -2.1198   -1.7840   -1.6365    2.4458    2.8240    2.9998    5.4398    5.7756    6.2231    7.9804    8.3240    8.4418    8.9775   20.4441   20.9656   21.5759   22.9097   23.7538   25.7727   26.3225   27.8054   29.6574   31.2355
  3.9161  -24.9626  -24.9622  -24.9537  -24.9536  -24.9500  -13.0250   -5.5284   -2.1498   -1.8165   -1.5284    2.3118    2.6206    2.9955    5.2381    5.7923    6.3070    8.1636    8.6590    8.9204    9.3927   19.4894   20.7558   21.3073   22.1115   23.4945   25.5009   26.5717   27.8808   30.3865   32.0778
  3.9744  -24.9627  -24.9620  -24.9538  -24.9537  -24.9498  -12.9518   -5.7709   -2.2230   -1.8213   -1.4009    2.0791    2.3761    3.0248    5.0629    5.6827    6.3575    8.2277    9.0457    9.5020    9.9983   18.9096   19.6946   20.2229   22.3951   22.6824   24.9101   26.1031   27.8432   29.7435   30.4383
  4.0328  -24.9628  -24.9617  -24.9539  -24.9537  -24.9497  -12.8586   -6.0491   -2.3499   -1.7877   -1.2633    1.7859    2.0940    3.0904    4.9361    5.8937    6.5810    8.3206    9.6725   10.3482   10.7713   18.1198   18.8999   20.0243   22.1112   23.2138   24.2269   24.9387   26.5241   28.1401   29.6730
  4.0911  -24.9629  -24.9615  -24.9541  -24.9538  -24.9495  -12.7461   -6.3491   -2.5196   -1.7288   -1.1239    1.4741    1.7914    3.1853    4.8656    6.1431    7.0550    8.3509   10.2722   10.8377   11.2768   17.4179   18.3271   19.9001   21.9823   22.2198   24.3482   26.4548   27.7842   28.6616   30.4980
  4.1494  -24.9630  -24.9613  -24.9542  -24.9539  -24.9493  -12.6154   -6.6592   -2.7195   -1.6623   -0.9927    1.1737    1.4951    3.3043    4.8524    6.3039    7.6872    8.4102   10.9054   11.5312   11.7510   16.3834   18.2130   18.8136   21.5044   22.6664   24.5976   25.2618   26.6074   28.2025   29.5731
  4.2077  -24.9631  -24.9611  -24.9543  -24.9539  -24.9490  -12.4678   -6.9704   -2.9399   -1.6069   -0.8867    0.9122    1.2349    3.4448    4.8943    6.3783    8.2909    8.5513   11.5616   12.2923   12.5478   15.5525   17.6059   17.9813   20.2671   22.1284   22.6229   23.0114   25.4288   26.4144   27.4074
  4.2660  -24.9631  -24.9609  -24.9543  -24.9540  -24.9488  -12.3054   -7.2747   -3.1735   -1.5845   -0.8336    0.7216    1.0437    3.6056    4.9872    6.5755    8.7842    9.2733   12.3164   13.1418   14.4481   15.9461   17.2176   18.0692   21.2246   22.6831   23.7243   24.9025   26.8577   29.2411   31.0443
  4.3243  -24.9632  -24.9608  -24.9544  -24.9541  -24.9486  -12.1305   -7.5655   -3.4136   -1.6163   -0.8658    0.6348    0.9524    3.7854    5.1268    7.0078    8.9524    9.7461   12.6113   13.8114   14.1732   15.1892   17.2798   17.8202   19.8220   22.2102   24.5642   25.1599   26.6239   27.5294   29.2202
  4.3826  -24.9632  -24.9607  -24.9544  -24.9542  -24.9484  -11.9468   -7.8363   -3.6548   -1.7124   -0.9924    0.6638    0.9755    3.9831    5.3087    7.1580    9.2157   10.4197   11.5712   14.8015   15.0737   15.7113   16.8654   17.5573   20.0877   21.2989   22.5965   24.0915   24.6755   26.6646   29.0996
  4.4410  -24.9632  -24.9607  -24.9544  -24.9543  -24.9483  -11.7592   -8.0805   -3.8923   -1.8652   -1.1875    0.7910    1.1014    4.1970    5.5291    7.4586    9.2389   10.6202   11.5435   15.3464   15.5779   16.0302   16.8351   17.8552   18.7605   19.8811   21.7477   23.7544   24.7136   25.9922   28.1661
  4.4993  -24.9631  -24.9608  -24.9544  -24.9543  -24.9481  -11.5742   -8.2910   -4.1219   -2.0560   -1.4175    0.9924    1.3042    4.4248    5.7844    7.6164    8.9831   10.5119   11.9076   14.9995   16.0525   16.3615   16.9336   17.5442   19.0522   20.1229   21.4608   21.9526   23.9379   25.2603   26.9490
  4.5576  -24.9631  -24.9609  -24.9545  -24.9541  -24.9480  -11.4006   -8.4591   -4.3400   -2.2659   -1.6593    1.2491    1.5614    4.6637    6.0706    7.8391    8.5272   10.5892   13.1758   14.9951   15.6085   16.6657   17.3208   18.1250   18.8728   19.9538   20.9964   23.3757   25.1189   27.6198   29.5544
  4.6159  -24.9630  -24.9610  -24.9546  -24.9540  -24.9479  -11.2492   -8.5752   -4.5433   -2.4804   -1.8998    1.5472    1.8579    4.9098    6.3776    7.7736    8.1879   10.8583   13.9273   14.8797   15.6778   16.5572   17.5792   18.3284   18.8639   19.5083   20.8010   21.7361   22.9703   23.8853   25.2495
  4.6742  -24.9630  -24.9610  -24.9547  -24.9538  -24.9478  -11.1311   -8.6304   -4.7292   -2.6894   -2.1316    1.8753    2.1845    5.1587    6.5229    7.2442    8.5637   11.0870   14.2296   14.9967   15.4205   15.8504   16.6123   17.2111   18.6106   19.4653   19.5757   21.3404   23.3468   23.8561   25.4759
  4.7325  -24.9632  -24.9610  -24.9549  -24.9536  -24.9478  -11.0540   -8.6201   -4.8948   -2.8865   -2.3510    2.2222    2.5346    5.4021    5.9270    7.4700    8.9742   11.5246   14.4191   14.6849   14.9965   15.3860   16.5719   17.1979   18.2367   19.4318   20.1933   20.5379   21.9228   24.3295   25.2910
  4.7908  -24.9634  -24.9608  -24.9550  -24.9534  -24.9477  -11.0188   -8.5485   -5.0378   -3.0672   -2.5556    2.5718    2.9025    5.2716    5.6614    7.8279    9.5761   11.7988   13.9736   14.6406   15.0656   15.3594   16.8024   17.3318   18.5113   18.9828   21.1771   21.5801   22.9023   23.7949   25.3985
  4.8492  -24.9637  -24.9606  -24.9552  -24.9532  -24.9477  -11.0181   -8.4284   -5.1558   -3.2281   -2.7445    2.8910    3.2798    4.7287    5.8825    8.2008    9.4998   11.8352   13.5106   14.1497   14.3430   14.9418   16.4745   16.9128   18.2666   19.0986   20.0004   21.8603   22.4969   23.9583   24.6626
  4.8492  -24.9637  -24.9606  -24.9552  -24.9532  -24.9477  -11.0181   -8.4284   -5.1558   -3.2281   -2.7445    2.8910    3.2798    4.7287    5.8825    8.3001    9.5751   11.8306   13.6086   14.1042   15.0063   15.5872   16.2556   16.8216   18.9535   19.3180   20.6289   22.3007   22.6186   24.8424   26.8628
  4.8913  -24.9636  -24.9607  -24.9551  -24.9532  -24.9477  -11.0145   -8.4702   -5.1163   -3.2966   -2.5587    2.6161    3.3366    4.9068    5.8020    8.0864    9.6754   11.9442   13.9078   14.4130   14.9021   15.4667   16.5581   17.1733   18.4460   18.9668   19.8185   22.0679   23.7378   24.5784   25.7580
  4.9334  -24.9635  -24.9608  -24.9551  -24.9533  -24.9477  -11.0123   -8.5038   -5.0663   -3.4685   -2.2518    2.2170    3.5226    5.1212    5.7001    7.7750    9.6613   11.9313   13.6184   14.0524   14.8822   15.5330   15.7679   17.3965   17.9726   18.8637   19.7714   21.1511   22.7391   22.9444   25.8698
  4.9754  -24.9635  -24.9608  -24.9550  -24.9534  -24.9477  -11.0122   -8.5267   -5.0067   -3.6585   -1.9163    1.8146    3.7343    5.3537    5.5816    7.4659   10.0303   11.7485   13.5957   14.0933   15.3843   15.9439   16.8000   17.8669   18.7833   20.1149   21.0502   21.6503   23.2383   24.5559   26.9106
  5.0175  -24.9635  -24.9608  -24.9549  -24.9534  -24.9477  -11.0147   -8.5365   -4.9393   -3.8470   -1.5848    1.4408    3.9579    5.3822    5.6566    7.1398   10.3487   11.5347   13.3217   13.7961   15.2175   15.8468   16.2112   17.7842   18.2329   19.0480   20.9233   21.5350   22.3819   23.3601   24.6471
  5.0596  -24.9635  -24.9608  -24.9548  -24.9535  -24.9477  -11.0201   -8.5320   -4.8670   -4.0260   -1.2916    1.1297    4.1892    5.1909    5.9270    6.8746   10.2405   12.5269   13.5219   14.1805   15.3538   16.0496   16.9139   17.4541   18.7920   18.9133   20.3014   21.8267   22.2143   23.2842   25.5351
  5.1017  -24.9636  -24.9607  -24.9548  -24.9535  -24.9477  -11.0285   -8.5123   -4.7959   -4.1871   -1.0938    0.9382    4.4252    4.9531    6.1515    6.8873   10.6845   11.4918   13.3465   13.6348   15.1178   16.4391   17.0622   18.0543   18.6540   19.1224   20.1406   21.7908   23.2534   23.8266   25.5314
  5.1438  -24.9637  -24.9606  -24.9548  -24.9534  -24.9477  -11.0398   -8.4775   -4.7425   -4.3129   -1.0607    0.9346    4.6413    4.7061    6.0662    6.9309   10.6631   11.6475   12.9454   13.4679   14.5358   15.8501   16.8617   17.6947   19.0551   19.3069   20.2773   20.9664   23.0947   23.9459   25.5486
  5.1859  -24.9639  -24.9605  -24.9549  -24.9533  -24.9477  -11.0537   -8.4282   -4.7445   -4.3654   -1.1997    1.1242    4.3897    4.9106    5.9269    7.2096   10.7570   11.6134   12.9706   13.4769   14.7185   16.4240   16.7368   17.1948   18.0187   19.2339   19.7845   20.8388   22.9120   23.6314   24.1024
  5.2280  -24.9640  -24.9604  -24.9550  -24.9532  -24.9477  -11.0695   -8.3657   -4.8166   -4.3301   -1.4455    1.4384    4.1015    5.1491    5.8081    7.7247   10.8622   11.4202   13.0934   13.5054   14.1708   15.9585   16.4787   17.2764   18.0889   19.0943   19.9327   20.4141   22.2945   22.7327   25.1474
  5.2701  -24.9642  -24.9602  -24.9551  -24.9531  -24.9477  -11.0865   -8.2918   -4.9173   -4.2490   -1.7375    1.8086    3.8298    5.3826    5.7106    8.0285   10.8048   11.7201   12.6558   13.4199   14.0447   15.7445   16.4848   17.4980   18.0968   18.7337   19.7932   21.0854   22.0753   23.9160   26.1509
  5.3122  -24.9644  -24.9601  -24.9552  -24.9529  -24.9477  -11.1041   -8.2091   -5.0185   -4.1515   -2.0425    2.1803    3.6030    5.5781    5.6604    8.3218   10.6838   11.8242   12.7778   13.4466   13.8092   15.1837   15.9019   16.8131   17.6742   18.8788   19.4767   21.2784   22.6122   23.1795   25.5882
  5.3543  -24.9646  -24.9600  -24.9553  -24.9528  -24.9477  -11.1215   -8.1205   -5.1098   -4.0494   -2.3426    2.4724    3.4887    5.5468    5.8410    8.7448   10.7126   12.3598   12.9713   13.4573   14.0247   14.8679   15.8148   16.8410   17.7825   19.0218   21.1624   22.5562   23.0534   26.3029   28.9964
  5.3964  -24.9648  -24.9599  -24.9554  -24.9527  -24.9476  -11.1380   -8.0297   -5.1872   -3.9492   -2.6269    2.5603    3.6024    5.4949    6.0415    9.2466   10.7897   12.1128   12.5466   12.9877   13.8736   14.1532   15.3759   16.5729   17.3445   18.3843   19.5677   21.0094   22.2405   24.0538   26.8085
  5.4385  -24.9649  -24.9598  -24.9555  -24.9525  -24.9476  -11.1530   -7.9408   -5.2492   -3.8557   -2.8868    2.4738    3.9045    5.4570    6.2243    9.5230   10.6252   12.1924   12.4459   12.9846   14.0335   15.0052   15.6029   16.2588   17.1091   17.8161   20.6044   21.9571   23.7376   24.1610   28.7400
  5.4806  -24.9651  -24.9597  -24.9556  -24.9524  -24.9476  -11.1660   -7.8585   -5.2952   -3.7739   -3.1140    2.3390    4.2543    5.4385    6.3832   10.1950   10.5512   11.9738   12.3130   12.6977   13.7761   14.6135   15.4657   16.2670   16.8076   19.7378   20.6757   22.8955   23.8405   25.9102   28.9745
  5.5227  -24.9652  -24.9596  -24.9557  -24.9523  -24.9476  -11.1765   -7.7876   -5.3264   -3.7101   -3.2987    2.2120    4.5718    5.4480    6.5132   10.1770   10.4540   11.7353   12.5379   12.9133   13.6406   14.6379   15.2493   16.1510   17.0373   17.6655   19.9075   22.0045   23.6001   25.0439   26.1037
  5.5648  -24.9653  -24.9595  -24.9557  -24.9523  -24.9476  -11.1842   -7.7328   -5.3450   -3.6735   -3.4270    2.1128    4.8046    5.4947    6.6096   10.0742   10.7880   11.5886   12.2935   12.7679   13.8406   14.3017   15.4167   15.5529   16.9081   18.2624   21.4545   23.2959   23.7666   25.5785   26.8920
  5.6069  -24.9653  -24.9595  -24.9558  -24.9522  -24.9476  -11.1889   -7.6982   -5.3541   -3.6710   -3.4872    2.0504    4.9288    5.5623    6.6691    9.9746   11.0194   11.4207   12.4455   12.8171   13.5794   13.9481   15.3716   15.8868   16.3203   17.1723   20.3706   23.6601   25.5761   26.5893   27.9071
  5.6490  -24.9653  -24.9595  -24.9558  -24.9522  -24.9475  -11.1905   -7.6863   -5.3567   -3.6781   -3.4998    2.0292    4.9645    5.5956    6.6892   10.2528   11.0823   11.6218   12.3583   12.4982   13.3232   13.9312   15.3471   15.7049   16.0597   17.3697   19.1122   20.2744   22.8289   24.5401   27.4377
  5.6490  -24.9653  -24.9595  -24.9558  -24.9522  -24.9475  -11.1905   -7.6863   -5.3567   -3.6781   -3.4998    2.0292    4.9645    5.5956    6.6892    9.9182   11.1172   11.5653   12.2753   12.5794   13.1958   14.1694   15.0616   15.7467   16.0489   16.6282   19.9785   21.6113   23.5855   25.2799   27.4214
  5.7035  -24.9653  -24.9595  -24.9558  -24.9522  -24.9476  -11.2117   -7.6785   -5.3147   -3.6654   -3.4910    2.0373    4.9465    5.5778    6.5856    9.8019   10.8880   11.4729   12.3199   12.6493   13.3531   14.0733   15.5244   16.2682   16.7122   18.3040   21.0047   21.2780   24.6250   27.0970   27.7595
  5.7581  -24.9652  -24.9596  -24.9557  -24.9523  -24.9476  -11.2735   -7.6546   -5.1919   -3.6266   -3.4646    2.0615    4.8939    5.5259    6.2973   10.0558   10.5986   11.9052   12.3282   12.5398   13.5372   14.0436   15.0992   15.4240   16.8009   17.3624   19.3372   22.4642   23.9699   25.1374   26.5910
  5.8126  -24.9651  -24.9597  -24.9557  -24.9523  -24.9477  -11.3704   -7.6132   -4.9976   -3.5598   -3.4208    2.1013    4.8104    5.4437    5.8746    9.7425   10.3962   11.9873   12.2857   12.9112   13.6630   14.1532   14.6384   15.6365   17.1097   19.2303   21.9510   22.5395   23.7508   26.8543   28.3448
  5.8672  -24.9649  -24.9598  -24.9556  -24.9524  -24.9479  -11.4951   -7.5528   -4.7459   -3.4612   -3.3602    2.1558    4.7012    5.3048    5.4002    9.5268   10.0250   11.3034   12.0809   12.5927   13.5945   14.3564   14.5655   15.7729   16.3832   19.2276   19.5937   21.9041   22.8864   24.3185   26.3518
  5.9217  -24.9648  -24.9600  -24.9555  -24.9525  -24.9480  -11.6394   -7.4724   -4.4554   -3.3229   -3.2833    2.2237    4.5723    4.7919    5.2368    9.2914    9.8467   11.0157   11.6223   13.0194   13.5247   14.6231   15.0645   15.2587   16.3415   19.7185   19.9685   20.8421   23.2536   24.3456   25.9037
  5.9763  -24.9645  -24.9602  -24.9553  -24.9526  -24.9482  -11.7958   -7.3714   -4.1502   -3.1911   -3.1314    2.3029    4.2101    4.4297    5.1132    8.9152    9.3996   10.3255   10.9382   13.2064   13.6503   14.2232   14.8475   14.9878   16.9075   20.9364   21.9077   24.0333   24.6036   26.3243   28.8530
  6.0308  -24.9643  -24.9604  -24.9552  -24.9527  -24.9484  -11.9575   -7.2502   -3.8582   -3.0847   -2.8692    2.3902    3.6210    4.2788    4.9942    8.7759    9.2147    9.9668   10.5731   13.3655   14.1059   14.2621   15.9545   17.5421   18.9449   19.2711   22.5387   23.6038   24.4397   26.7408   29.2178
  6.0854  -24.9641  -24.9606  -24.9550  -24.9528  -24.9486  -12.1190   -7.1090   -3.5988   -2.9656   -2.5274    2.4806    3.0401    4.1245    4.8874    8.5267    8.7290    9.5386   10.0887   13.2510   14.3269   15.1901   15.9158   17.1830   19.2047   20.6747   22.8374   24.0186   25.8580   27.6088   29.6121
  6.1399  -24.9638  -24.9608  -24.9548  -24.9529  -24.9488  -12.2761   -6.9488   -3.3719   -2.8356   -2.1186    2.4601    2.5887    3.9706    4.8014    8.1654    8.2491    9.1643    9.7198   12.3817   14.4177   15.6186   16.6133   17.2134   18.7125   20.9428   22.6411   23.7570   25.5495   27.8687   28.8754
  6.1944  -24.9636  -24.9611  -24.9546  -24.9530  -24.9491  -12.4251   -6.7707   -3.1665   -2.6970   -1.6715    1.9457    2.6587    3.8205    4.7457    7.6816    8.1532    8.9315    9.5548   11.9122   14.2858   15.3125   16.1547   18.8747   21.1929   22.8682   24.5884   26.3567   26.6565   27.8609   28.6422
  6.2490  -24.9634  -24.9613  -24.9545  -24.9531  -24.9493  -12.5636   -6.5766   -2.9732   -2.5526   -1.2275    1.4849    2.7233    3.6769    4.7297    7.4126    7.7412    8.6940    8.8049   11.1054   14.5742   15.9642   17.0951   18.9139   20.4464   22.2775   23.1401   25.7858   27.3065   29.0730   30.1677
  6.3035  -24.9631  -24.9616  -24.9543  -24.9532  -24.9495  -12.6893   -6.3688   -2.7883   -2.4059   -0.8618    1.1539    2.7654    3.5419    4.7606    6.9519    7.5584    8.4858    8.5816   10.5730   12.8671   16.6749   16.9425   19.7029   20.2490   21.6511   22.6794   23.8778   25.5665   27.1636   29.1856
  6.3581  -24.9630  -24.9618  -24.9541  -24.9533  -24.9496  -12.8007   -6.1509   -2.6123   -2.2612   -0.7101    1.0814    2.7821    3.4177    4.8410    6.7044    7.0793    8.4298    8.5037   10.0226   12.6403   17.2917   18.0997   20.0007   21.3522   22.0531   24.5225   26.5862   27.4564   29.1952   30.3067
  6.4126  -24.9628  -24.9620  -24.9540  -24.9534  -24.9498  -12.8967   -5.9281   -2.4486   -2.1234   -0.8321    1.3183    2.7768    3.3062    4.9671    6.1818    6.7923    8.0437    8.2621    9.4211   11.1284   18.3602   18.8201   20.9249   21.7933   22.4645   24.2833   26.0580   27.0849   29.0911   29.5684
  6.4672  -24.9627  -24.9621  -24.9538  -24.9535  -24.9499  -12.9763   -5.7084   -2.3040   -1.9980   -1.0926    1.7159    2.7600    3.2095    5.1289    6.0464    6.3797    8.0858    8.3658    9.1277    9.9979   18.5392   18.8155   21.0317   21.3332   21.7440   24.4976   24.7667   25.7218   27.2711   28.7101
  6.5217  -24.9626  -24.9623  -24.9537  -24.9535  -24.9500  -13.0388   -5.5038   -2.1883   -1.8914   -1.3672    2.1225    2.7541    3.1300    5.3111    5.9616    6.2375    8.0858    8.1737    8.5817    9.5322   19.2450   19.5821   21.3666   22.8327   23.9871   25.3999   26.7690   27.6111   28.7690   31.1862
  6.5763  -24.9625  -24.9624  -24.9536  -24.9536  -24.9501  -13.0838   -5.3316   -2.1164   -1.8096   -1.5866    2.4051    2.8150    3.0705    5.4909    5.9428    6.2043    7.9530    7.9951    8.2226    8.7043   20.1652   20.8673   21.8491   22.3055   23.1245   23.7497   25.0174   27.1833   28.4924   29.9127
  6.6308  -24.9625  -24.9624  -24.9536  -24.9536  -24.9502  -13.1109   -5.2138   -2.0985   -1.7580   -1.7083    2.4957    2.9537    3.0334    5.6358    5.9957    6.2035    7.7852    8.0038    8.1537    8.3647   20.4866   20.6318   21.2826   22.1777   23.2663   25.0412   25.9184   27.7555   29.8925   31.6814
  6.6853  -24.9624  -24.9624  -24.9536  -24.9536  -24.9502  -13.1199   -5.1715   -2.1042   -1.7403   -1.7403    2.5086    3.0208    3.0208    5.6981    5.9154    6.0959    7.7890    7.9867    8.0709    8.2615   20.5981   21.1658   21.2768   21.7879   22.5446   24.9694   25.5904   27.3584   28.2086   30.1921
