Tight-binding parameters: Haldane model, benzene graph, coronene graph
========================================================================
Generated from build_models() in Quantum_Metric_2D_Haldane_benzene_coronene.ipynb (PythTB 2.0).
Spinless, one p_z-like orbital per site, half filling (mu = 0).

Global parameters
  t      = -1.0                 nearest-neighbour (NN) hopping
  |t'|   =  0.15                next-nearest-neighbour (NNN) hopping magnitude
  phi    = -pi/2                NNN phase: t2 = |t'| exp(i phi) = -0.15 i
                                (manuscript convention, C = +1; phi = +pi/2 gives the original notebook, C = -1)
  M      =  0.0                 sublattice mass (onsite -M on A, +M on B)
  Units  : lattice constant = 1 (PythTB units); NN bond a = 1/sqrt(3) = 0.577350.
           The notebook reports lengths in units of a (multiply PythTB lengths by sqrt(3)).
  Convention: each listed hopping is <from|H|to + R>; PythTB adds the Hermitian conjugate.

########################################################################
# haldane   (periodic 2D crystal)
########################################################################
norb = 2    occupied (half filling) = 1
lattice vectors (PythTB units, rows):
   [ 1.000000,  0.000000]
   [ 0.500000,  0.866025]
orbitals:   index   reduced coords            cartesian (PythTB)        cartesian (units of a)   onsite
               0   ( 0.333333,  0.333333)   ( 0.500000,  0.288675)   ( 0.866025,  0.500000)   -0.0000
               1   ( 0.666667,  0.666667)   ( 1.000000,  0.577350)   ( 1.732051,  1.000000)    0.0000
hoppings:   from  to   R          amplitude              |d| (PythTB)  |d|/a    type
               0   1   [ 0, 0]   -1.0000 +0.0000i        0.577350     1.0000   NN
               1   0   [ 1, 0]   -1.0000 +0.0000i        0.577350     1.0000   NN
               1   0   [ 0, 1]   -1.0000 +0.0000i        0.577350     1.0000   NN
               0   0   [ 1, 0]    0.0000 -0.1500i        1.000000     1.7321   NNN
               1   1   [ 1,-1]    0.0000 -0.1500i        1.000000     1.7321   NNN
               1   1   [ 0, 1]    0.0000 -0.1500i        1.000000     1.7321   NNN
               1   1   [ 1, 0]    0.0000 +0.1500i        1.000000     1.7321   NNN
               0   0   [ 1,-1]    0.0000 +0.1500i        1.000000     1.7321   NNN
               0   0   [ 0, 1]    0.0000 +0.1500i        1.000000     1.7321   NNN
total: 9 hoppings (3 NN, 6 NNN), plus Hermitian conjugates

########################################################################
# haldane_4x4   (periodic 2D crystal)
########################################################################
norb = 32    occupied (half filling) = 16
lattice vectors (PythTB units, rows):
   [ 4.000000,  0.000000]
   [ 2.000000,  3.464102]
orbitals:   index   reduced coords            cartesian (PythTB)        cartesian (units of a)   onsite
               0   ( 0.083333,  0.083333)   ( 0.500000,  0.288675)   ( 0.866025,  0.500000)   -0.0000
               1   ( 0.166667,  0.166667)   ( 1.000000,  0.577350)   ( 1.732051,  1.000000)    0.0000
               2   ( 0.083333,  0.333333)   ( 1.000000,  1.154701)   ( 1.732051,  2.000000)   -0.0000
               3   ( 0.166667,  0.416667)   ( 1.500000,  1.443376)   ( 2.598076,  2.500000)    0.0000
               4   ( 0.083333,  0.583333)   ( 1.500000,  2.020726)   ( 2.598076,  3.500000)   -0.0000
               5   ( 0.166667,  0.666667)   ( 2.000000,  2.309401)   ( 3.464102,  4.000000)    0.0000
               6   ( 0.083333,  0.833333)   ( 2.000000,  2.886751)   ( 3.464102,  5.000000)   -0.0000
               7   ( 0.166667,  0.916667)   ( 2.500000,  3.175426)   ( 4.330127,  5.500000)    0.0000
               8   ( 0.333333,  0.083333)   ( 1.500000,  0.288675)   ( 2.598076,  0.500000)   -0.0000
               9   ( 0.416667,  0.166667)   ( 2.000000,  0.577350)   ( 3.464102,  1.000000)    0.0000
              10   ( 0.333333,  0.333333)   ( 2.000000,  1.154701)   ( 3.464102,  2.000000)   -0.0000
              11   ( 0.416667,  0.416667)   ( 2.500000,  1.443376)   ( 4.330127,  2.500000)    0.0000
              12   ( 0.333333,  0.583333)   ( 2.500000,  2.020726)   ( 4.330127,  3.500000)   -0.0000
              13   ( 0.416667,  0.666667)   ( 3.000000,  2.309401)   ( 5.196152,  4.000000)    0.0000
              14   ( 0.333333,  0.833333)   ( 3.000000,  2.886751)   ( 5.196152,  5.000000)   -0.0000
              15   ( 0.416667,  0.916667)   ( 3.500000,  3.175426)   ( 6.062178,  5.500000)    0.0000
              16   ( 0.583333,  0.083333)   ( 2.500000,  0.288675)   ( 4.330127,  0.500000)   -0.0000
              17   ( 0.666667,  0.166667)   ( 3.000000,  0.577350)   ( 5.196152,  1.000000)    0.0000
              18   ( 0.583333,  0.333333)   ( 3.000000,  1.154701)   ( 5.196152,  2.000000)   -0.0000
              19   ( 0.666667,  0.416667)   ( 3.500000,  1.443376)   ( 6.062178,  2.500000)    0.0000
              20   ( 0.583333,  0.583333)   ( 3.500000,  2.020726)   ( 6.062178,  3.500000)   -0.0000
              21   ( 0.666667,  0.666667)   ( 4.000000,  2.309401)   ( 6.928203,  4.000000)    0.0000
              22   ( 0.583333,  0.833333)   ( 4.000000,  2.886751)   ( 6.928203,  5.000000)   -0.0000
              23   ( 0.666667,  0.916667)   ( 4.500000,  3.175426)   ( 7.794229,  5.500000)    0.0000
              24   ( 0.833333,  0.083333)   ( 3.500000,  0.288675)   ( 6.062178,  0.500000)   -0.0000
              25   ( 0.916667,  0.166667)   ( 4.000000,  0.577350)   ( 6.928203,  1.000000)    0.0000
              26   ( 0.833333,  0.333333)   ( 4.000000,  1.154701)   ( 6.928203,  2.000000)   -0.0000
              27   ( 0.916667,  0.416667)   ( 4.500000,  1.443376)   ( 7.794229,  2.500000)    0.0000
              28   ( 0.833333,  0.583333)   ( 4.500000,  2.020726)   ( 7.794229,  3.500000)   -0.0000
              29   ( 0.916667,  0.666667)   ( 5.000000,  2.309401)   ( 8.660254,  4.000000)    0.0000
              30   ( 0.833333,  0.833333)   ( 5.000000,  2.886751)   ( 8.660254,  5.000000)   -0.0000
              31   ( 0.916667,  0.916667)   ( 5.500000,  3.175426)   ( 9.526279,  5.500000)    0.0000
hoppings:   from  to   R          amplitude              |d| (PythTB)  |d|/a    type
               0   1   [ 0, 0]   -1.0000 +0.0000i        0.577350     1.0000   NN
               1   8   [ 0, 0]   -1.0000 +0.0000i        0.577350     1.0000   NN
               1   2   [ 0, 0]   -1.0000 +0.0000i        0.577350     1.0000   NN
               0   8   [ 0, 0]    0.0000 -0.1500i        1.000000     1.7321   NNN
               1  15   [ 0,-1]    0.0000 -0.1500i        1.000000     1.7321   NNN
               1   3   [ 0, 0]    0.0000 -0.1500i        1.000000     1.7321   NNN
               1   9   [ 0, 0]    0.0000 +0.1500i        1.000000     1.7321   NNN
               0  14   [ 0,-1]    0.0000 +0.1500i        1.000000     1.7321   NNN
               0   2   [ 0, 0]    0.0000 +0.1500i        1.000000     1.7321   NNN
               2   3   [ 0, 0]   -1.0000 +0.0000i        0.577350     1.0000   NN
               3  10   [ 0, 0]   -1.0000 +0.0000i        0.577350     1.0000   NN
               3   4   [ 0, 0]   -1.0000 +0.0000i        0.577350     1.0000   NN
               2  10   [ 0, 0]    0.0000 -0.1500i        1.000000     1.7321   NNN
               3   9   [ 0, 0]    0.0000 -0.1500i        1.000000     1.7321   NNN
               3   5   [ 0, 0]    0.0000 -0.1500i        1.000000     1.7321   NNN
               3  11   [ 0, 0]    0.0000 +0.1500i        1.000000     1.7321   NNN
               2   8   [ 0, 0]    0.0000 +0.1500i        1.000000     1.7321   NNN
               2   4   [ 0, 0]    0.0000 +0.1500i        1.000000     1.7321   NNN
               4   5   [ 0, 0]   -1.0000 +0.0000i        0.577350     1.0000   NN
               5  12   [ 0, 0]   -1.0000 +0.0000i        0.577350     1.0000   NN
               5   6   [ 0, 0]   -1.0000 +0.0000i        0.577350     1.0000   NN
               4  12   [ 0, 0]    0.0000 -0.1500i        1.000000     1.7321   NNN
               5  11   [ 0, 0]    0.0000 -0.1500i        1.000000     1.7321   NNN
               5   7   [ 0, 0]    0.0000 -0.1500i        1.000000     1.7321   NNN
               5  13   [ 0, 0]    0.0000 +0.1500i        1.000000     1.7321   NNN
               4  10   [ 0, 0]    0.0000 +0.1500i        1.000000     1.7321   NNN
               4   6   [ 0, 0]    0.0000 +0.1500i        1.000000     1.7321   NNN
               6   7   [ 0, 0]   -1.0000 +0.0000i        0.577350     1.0000   NN
               7  14   [ 0, 0]   -1.0000 +0.0000i        0.577350     1.0000   NN
               7   0   [ 0, 1]   -1.0000 +0.0000i        0.577350     1.0000   NN
               6  14   [ 0, 0]    0.0000 -0.1500i        1.000000     1.7321   NNN
               7  13   [ 0, 0]    0.0000 -0.1500i        1.000000     1.7321   NNN
               7   1   [ 0, 1]    0.0000 -0.1500i        1.000000     1.7321   NNN
               7  15   [ 0, 0]    0.0000 +0.1500i        1.000000     1.7321   NNN
               6  12   [ 0, 0]    0.0000 +0.1500i        1.000000     1.7321   NNN
               6   0   [ 0, 1]    0.0000 +0.1500i        1.000000     1.7321   NNN
               8   9   [ 0, 0]   -1.0000 +0.0000i        0.577350     1.0000   NN
               9  16   [ 0, 0]   -1.0000 +0.0000i        0.577350     1.0000   NN
               9  10   [ 0, 0]   -1.0000 +0.0000i        0.577350     1.0000   NN
               8  16   [ 0, 0]    0.0000 -0.1500i        1.000000     1.7321   NNN
               9  23   [ 0,-1]    0.0000 -0.1500i        1.000000     1.7321   NNN
               9  11   [ 0, 0]    0.0000 -0.1500i        1.000000     1.7321   NNN
               9  17   [ 0, 0]    0.0000 +0.1500i        1.000000     1.7321   NNN
               8  22   [ 0,-1]    0.0000 +0.1500i        1.000000     1.7321   NNN
               8  10   [ 0, 0]    0.0000 +0.1500i        1.000000     1.7321   NNN
              10  11   [ 0, 0]   -1.0000 +0.0000i        0.577350     1.0000   NN
              11  18   [ 0, 0]   -1.0000 +0.0000i        0.577350     1.0000   NN
              11  12   [ 0, 0]   -1.0000 +0.0000i        0.577350     1.0000   NN
              10  18   [ 0, 0]    0.0000 -0.1500i        1.000000     1.7321   NNN
              11  17   [ 0, 0]    0.0000 -0.1500i        1.000000     1.7321   NNN
              11  13   [ 0, 0]    0.0000 -0.1500i        1.000000     1.7321   NNN
              11  19   [ 0, 0]    0.0000 +0.1500i        1.000000     1.7321   NNN
              10  16   [ 0, 0]    0.0000 +0.1500i        1.000000     1.7321   NNN
              10  12   [ 0, 0]    0.0000 +0.1500i        1.000000     1.7321   NNN
              12  13   [ 0, 0]   -1.0000 +0.0000i        0.577350     1.0000   NN
              13  20   [ 0, 0]   -1.0000 +0.0000i        0.577350     1.0000   NN
              13  14   [ 0, 0]   -1.0000 +0.0000i        0.577350     1.0000   NN
              12  20   [ 0, 0]    0.0000 -0.1500i        1.000000     1.7321   NNN
              13  19   [ 0, 0]    0.0000 -0.1500i        1.000000     1.7321   NNN
              13  15   [ 0, 0]    0.0000 -0.1500i        1.000000     1.7321   NNN
              13  21   [ 0, 0]    0.0000 +0.1500i        1.000000     1.7321   NNN
              12  18   [ 0, 0]    0.0000 +0.1500i        1.000000     1.7321   NNN
              12  14   [ 0, 0]    0.0000 +0.1500i        1.000000     1.7321   NNN
              14  15   [ 0, 0]   -1.0000 +0.0000i        0.577350     1.0000   NN
              15  22   [ 0, 0]   -1.0000 +0.0000i        0.577350     1.0000   NN
              15   8   [ 0, 1]   -1.0000 +0.0000i        0.577350     1.0000   NN
              14  22   [ 0, 0]    0.0000 -0.1500i        1.000000     1.7321   NNN
              15  21   [ 0, 0]    0.0000 -0.1500i        1.000000     1.7321   NNN
              15   9   [ 0, 1]    0.0000 -0.1500i        1.000000     1.7321   NNN
              15  23   [ 0, 0]    0.0000 +0.1500i        1.000000     1.7321   NNN
              14  20   [ 0, 0]    0.0000 +0.1500i        1.000000     1.7321   NNN
              14   8   [ 0, 1]    0.0000 +0.1500i        1.000000     1.7321   NNN
              16  17   [ 0, 0]   -1.0000 +0.0000i        0.577350     1.0000   NN
              17  24   [ 0, 0]   -1.0000 +0.0000i        0.577350     1.0000   NN
              17  18   [ 0, 0]   -1.0000 +0.0000i        0.577350     1.0000   NN
              16  24   [ 0, 0]    0.0000 -0.1500i        1.000000     1.7321   NNN
              17  31   [ 0,-1]    0.0000 -0.1500i        1.000000     1.7321   NNN
              17  19   [ 0, 0]    0.0000 -0.1500i        1.000000     1.7321   NNN
              17  25   [ 0, 0]    0.0000 +0.1500i        1.000000     1.7321   NNN
              16  30   [ 0,-1]    0.0000 +0.1500i        1.000000     1.7321   NNN
              16  18   [ 0, 0]    0.0000 +0.1500i        1.000000     1.7321   NNN
              18  19   [ 0, 0]   -1.0000 +0.0000i        0.577350     1.0000   NN
              19  26   [ 0, 0]   -1.0000 +0.0000i        0.577350     1.0000   NN
              19  20   [ 0, 0]   -1.0000 +0.0000i        0.577350     1.0000   NN
              18  26   [ 0, 0]    0.0000 -0.1500i        1.000000     1.7321   NNN
              19  25   [ 0, 0]    0.0000 -0.1500i        1.000000     1.7321   NNN
              19  21   [ 0, 0]    0.0000 -0.1500i        1.000000     1.7321   NNN
              19  27   [ 0, 0]    0.0000 +0.1500i        1.000000     1.7321   NNN
              18  24   [ 0, 0]    0.0000 +0.1500i        1.000000     1.7321   NNN
              18  20   [ 0, 0]    0.0000 +0.1500i        1.000000     1.7321   NNN
              20  21   [ 0, 0]   -1.0000 +0.0000i        0.577350     1.0000   NN
              21  28   [ 0, 0]   -1.0000 +0.0000i        0.577350     1.0000   NN
              21  22   [ 0, 0]   -1.0000 +0.0000i        0.577350     1.0000   NN
              20  28   [ 0, 0]    0.0000 -0.1500i        1.000000     1.7321   NNN
              21  27   [ 0, 0]    0.0000 -0.1500i        1.000000     1.7321   NNN
              21  23   [ 0, 0]    0.0000 -0.1500i        1.000000     1.7321   NNN
              21  29   [ 0, 0]    0.0000 +0.1500i        1.000000     1.7321   NNN
              20  26   [ 0, 0]    0.0000 +0.1500i        1.000000     1.7321   NNN
              20  22   [ 0, 0]    0.0000 +0.1500i        1.000000     1.7321   NNN
              22  23   [ 0, 0]   -1.0000 +0.0000i        0.577350     1.0000   NN
              23  30   [ 0, 0]   -1.0000 +0.0000i        0.577350     1.0000   NN
              23  16   [ 0, 1]   -1.0000 +0.0000i        0.577350     1.0000   NN
              22  30   [ 0, 0]    0.0000 -0.1500i        1.000000     1.7321   NNN
              23  29   [ 0, 0]    0.0000 -0.1500i        1.000000     1.7321   NNN
              23  17   [ 0, 1]    0.0000 -0.1500i        1.000000     1.7321   NNN
              23  31   [ 0, 0]    0.0000 +0.1500i        1.000000     1.7321   NNN
              22  28   [ 0, 0]    0.0000 +0.1500i        1.000000     1.7321   NNN
              22  16   [ 0, 1]    0.0000 +0.1500i        1.000000     1.7321   NNN
              24  25   [ 0, 0]   -1.0000 +0.0000i        0.577350     1.0000   NN
              25   0   [ 1, 0]   -1.0000 +0.0000i        0.577350     1.0000   NN
              25  26   [ 0, 0]   -1.0000 +0.0000i        0.577350     1.0000   NN
              24   0   [ 1, 0]    0.0000 -0.1500i        1.000000     1.7321   NNN
              25   7   [ 1,-1]    0.0000 -0.1500i        1.000000     1.7321   NNN
              25  27   [ 0, 0]    0.0000 -0.1500i        1.000000     1.7321   NNN
              25   1   [ 1, 0]    0.0000 +0.1500i        1.000000     1.7321   NNN
              24   6   [ 1,-1]    0.0000 +0.1500i        1.000000     1.7321   NNN
              24  26   [ 0, 0]    0.0000 +0.1500i        1.000000     1.7321   NNN
              26  27   [ 0, 0]   -1.0000 +0.0000i        0.577350     1.0000   NN
              27   2   [ 1, 0]   -1.0000 +0.0000i        0.577350     1.0000   NN
              27  28   [ 0, 0]   -1.0000 +0.0000i        0.577350     1.0000   NN
              26   2   [ 1, 0]    0.0000 -0.1500i        1.000000     1.7321   NNN
              27   1   [ 1, 0]    0.0000 -0.1500i        1.000000     1.7321   NNN
              27  29   [ 0, 0]    0.0000 -0.1500i        1.000000     1.7321   NNN
              27   3   [ 1, 0]    0.0000 +0.1500i        1.000000     1.7321   NNN
              26   0   [ 1, 0]    0.0000 +0.1500i        1.000000     1.7321   NNN
              26  28   [ 0, 0]    0.0000 +0.1500i        1.000000     1.7321   NNN
              28  29   [ 0, 0]   -1.0000 +0.0000i        0.577350     1.0000   NN
              29   4   [ 1, 0]   -1.0000 +0.0000i        0.577350     1.0000   NN
              29  30   [ 0, 0]   -1.0000 +0.0000i        0.577350     1.0000   NN
              28   4   [ 1, 0]    0.0000 -0.1500i        1.000000     1.7321   NNN
              29   3   [ 1, 0]    0.0000 -0.1500i        1.000000     1.7321   NNN
              29  31   [ 0, 0]    0.0000 -0.1500i        1.000000     1.7321   NNN
              29   5   [ 1, 0]    0.0000 +0.1500i        1.000000     1.7321   NNN
              28   2   [ 1, 0]    0.0000 +0.1500i        1.000000     1.7321   NNN
              28  30   [ 0, 0]    0.0000 +0.1500i        1.000000     1.7321   NNN
              30  31   [ 0, 0]   -1.0000 +0.0000i        0.577350     1.0000   NN
              31   6   [ 1, 0]   -1.0000 +0.0000i        0.577350     1.0000   NN
              31  24   [ 0, 1]   -1.0000 +0.0000i        0.577350     1.0000   NN
              30   6   [ 1, 0]    0.0000 -0.1500i        1.000000     1.7321   NNN
              31   5   [ 1, 0]    0.0000 -0.1500i        1.000000     1.7321   NNN
              31  25   [ 0, 1]    0.0000 -0.1500i        1.000000     1.7321   NNN
              31   7   [ 1, 0]    0.0000 +0.1500i        1.000000     1.7321   NNN
              30   4   [ 1, 0]    0.0000 +0.1500i        1.000000     1.7321   NNN
              30  24   [ 0, 1]    0.0000 +0.1500i        1.000000     1.7321   NNN
total: 144 hoppings (48 NN, 96 NNN), plus Hermitian conjugates

########################################################################
# benzene   (molecule: finite cluster, no periodic hoppings)
########################################################################
norb = 6    occupied (half filling) = 3
lattice vectors (PythTB units, rows):
   [ 2.000000,  0.000000]
   [ 1.000000,  1.732051]
   (the cluster was cut from this supercell; these vectors are not used in H)
orbitals:   index   reduced coords            cartesian (PythTB)        cartesian (units of a)   onsite
               0   ( 0.333333,  0.333333)   ( 1.000000,  0.577350)   ( 1.732051,  1.000000)    0.0000
               1   ( 0.166667,  0.666667)   ( 1.000000,  1.154701)   ( 1.732051,  2.000000)   -0.0000
               2   ( 0.333333,  0.833333)   ( 1.500000,  1.443376)   ( 2.598076,  2.500000)    0.0000
               3   ( 0.666667,  0.166667)   ( 1.500000,  0.288675)   ( 2.598076,  0.500000)   -0.0000
               4   ( 0.833333,  0.333333)   ( 2.000000,  0.577350)   ( 3.464102,  1.000000)    0.0000
               5   ( 0.666667,  0.666667)   ( 2.000000,  1.154701)   ( 3.464102,  2.000000)   -0.0000
hoppings:   from  to   R          amplitude              |d| (PythTB)  |d|/a    type
               0   3   [ 0, 0]   -1.0000 +0.0000i        0.577350     1.0000   NN
               0   1   [ 0, 0]   -1.0000 +0.0000i        0.577350     1.0000   NN
               0   2   [ 0, 0]    0.0000 -0.1500i        1.000000     1.7321   NNN
               0   4   [ 0, 0]    0.0000 +0.1500i        1.000000     1.7321   NNN
               1   2   [ 0, 0]   -1.0000 +0.0000i        0.577350     1.0000   NN
               2   5   [ 0, 0]   -1.0000 +0.0000i        0.577350     1.0000   NN
               1   5   [ 0, 0]    0.0000 -0.1500i        1.000000     1.7321   NNN
               2   4   [ 0, 0]    0.0000 -0.1500i        1.000000     1.7321   NNN
               1   3   [ 0, 0]    0.0000 +0.1500i        1.000000     1.7321   NNN
               3   4   [ 0, 0]   -1.0000 +0.0000i        0.577350     1.0000   NN
               4   5   [ 0, 0]   -1.0000 +0.0000i        0.577350     1.0000   NN
               3   5   [ 0, 0]    0.0000 +0.1500i        1.000000     1.7321   NNN
total: 12 hoppings (6 NN, 6 NNN), plus Hermitian conjugates

########################################################################
# coronene   (molecule: finite cluster, no periodic hoppings)
########################################################################
norb = 24    occupied (half filling) = 12
lattice vectors (PythTB units, rows):
   [ 4.000000,  0.000000]
   [ 2.000000,  3.464102]
   (the cluster was cut from this supercell; these vectors are not used in H)
orbitals:   index   reduced coords            cartesian (PythTB)        cartesian (units of a)   onsite
               0   ( 0.166667,  0.416667)   ( 1.500000,  1.443376)   ( 2.598076,  2.500000)    0.0000
               1   ( 0.083333,  0.583333)   ( 1.500000,  2.020726)   ( 2.598076,  3.500000)   -0.0000
               2   ( 0.166667,  0.666667)   ( 2.000000,  2.309401)   ( 3.464102,  4.000000)    0.0000
               3   ( 0.083333,  0.833333)   ( 2.000000,  2.886751)   ( 3.464102,  5.000000)   -0.0000
               4   ( 0.166667,  0.916667)   ( 2.500000,  3.175426)   ( 4.330127,  5.500000)    0.0000
               5   ( 0.416667,  0.166667)   ( 2.000000,  0.577350)   ( 3.464102,  1.000000)    0.0000
               6   ( 0.333333,  0.333333)   ( 2.000000,  1.154701)   ( 3.464102,  2.000000)   -0.0000
               7   ( 0.416667,  0.416667)   ( 2.500000,  1.443376)   ( 4.330127,  2.500000)    0.0000
               8   ( 0.333333,  0.583333)   ( 2.500000,  2.020726)   ( 4.330127,  3.500000)   -0.0000
               9   ( 0.416667,  0.666667)   ( 3.000000,  2.309401)   ( 5.196152,  4.000000)    0.0000
              10   ( 0.333333,  0.833333)   ( 3.000000,  2.886751)   ( 5.196152,  5.000000)   -0.0000
              11   ( 0.416667,  0.916667)   ( 3.500000,  3.175426)   ( 6.062178,  5.500000)    0.0000
              12   ( 0.583333,  0.083333)   ( 2.500000,  0.288675)   ( 4.330127,  0.500000)   -0.0000
              13   ( 0.666667,  0.166667)   ( 3.000000,  0.577350)   ( 5.196152,  1.000000)    0.0000
              14   ( 0.583333,  0.333333)   ( 3.000000,  1.154701)   ( 5.196152,  2.000000)   -0.0000
              15   ( 0.666667,  0.416667)   ( 3.500000,  1.443376)   ( 6.062178,  2.500000)    0.0000
              16   ( 0.583333,  0.583333)   ( 3.500000,  2.020726)   ( 6.062178,  3.500000)   -0.0000
              17   ( 0.666667,  0.666667)   ( 4.000000,  2.309401)   ( 6.928203,  4.000000)    0.0000
              18   ( 0.583333,  0.833333)   ( 4.000000,  2.886751)   ( 6.928203,  5.000000)   -0.0000
              19   ( 0.833333,  0.083333)   ( 3.500000,  0.288675)   ( 6.062178,  0.500000)   -0.0000
              20   ( 0.916667,  0.166667)   ( 4.000000,  0.577350)   ( 6.928203,  1.000000)    0.0000
              21   ( 0.833333,  0.333333)   ( 4.000000,  1.154701)   ( 6.928203,  2.000000)   -0.0000
              22   ( 0.916667,  0.416667)   ( 4.500000,  1.443376)   ( 7.794229,  2.500000)    0.0000
              23   ( 0.833333,  0.583333)   ( 4.500000,  2.020726)   ( 7.794229,  3.500000)   -0.0000
hoppings:   from  to   R          amplitude              |d| (PythTB)  |d|/a    type
               0   6   [ 0, 0]   -1.0000 +0.0000i        0.577350     1.0000   NN
               0   1   [ 0, 0]   -1.0000 +0.0000i        0.577350     1.0000   NN
               0   5   [ 0, 0]    0.0000 -0.1500i        1.000000     1.7321   NNN
               0   2   [ 0, 0]    0.0000 -0.1500i        1.000000     1.7321   NNN
               0   7   [ 0, 0]    0.0000 +0.1500i        1.000000     1.7321   NNN
               1   2   [ 0, 0]   -1.0000 +0.0000i        0.577350     1.0000   NN
               2   8   [ 0, 0]   -1.0000 +0.0000i        0.577350     1.0000   NN
               2   3   [ 0, 0]   -1.0000 +0.0000i        0.577350     1.0000   NN
               1   8   [ 0, 0]    0.0000 -0.1500i        1.000000     1.7321   NNN
               2   7   [ 0, 0]    0.0000 -0.1500i        1.000000     1.7321   NNN
               2   4   [ 0, 0]    0.0000 -0.1500i        1.000000     1.7321   NNN
               2   9   [ 0, 0]    0.0000 +0.1500i        1.000000     1.7321   NNN
               1   6   [ 0, 0]    0.0000 +0.1500i        1.000000     1.7321   NNN
               1   3   [ 0, 0]    0.0000 +0.1500i        1.000000     1.7321   NNN
               3   4   [ 0, 0]   -1.0000 +0.0000i        0.577350     1.0000   NN
               4  10   [ 0, 0]   -1.0000 +0.0000i        0.577350     1.0000   NN
               3  10   [ 0, 0]    0.0000 -0.1500i        1.000000     1.7321   NNN
               4   9   [ 0, 0]    0.0000 -0.1500i        1.000000     1.7321   NNN
               4  11   [ 0, 0]    0.0000 +0.1500i        1.000000     1.7321   NNN
               3   8   [ 0, 0]    0.0000 +0.1500i        1.000000     1.7321   NNN
               5  12   [ 0, 0]   -1.0000 +0.0000i        0.577350     1.0000   NN
               5   6   [ 0, 0]   -1.0000 +0.0000i        0.577350     1.0000   NN
               5   7   [ 0, 0]    0.0000 -0.1500i        1.000000     1.7321   NNN
               5  13   [ 0, 0]    0.0000 +0.1500i        1.000000     1.7321   NNN
               6   7   [ 0, 0]   -1.0000 +0.0000i        0.577350     1.0000   NN
               7  14   [ 0, 0]   -1.0000 +0.0000i        0.577350     1.0000   NN
               7   8   [ 0, 0]   -1.0000 +0.0000i        0.577350     1.0000   NN
               6  14   [ 0, 0]    0.0000 -0.1500i        1.000000     1.7321   NNN
               7  13   [ 0, 0]    0.0000 -0.1500i        1.000000     1.7321   NNN
               7   9   [ 0, 0]    0.0000 -0.1500i        1.000000     1.7321   NNN
               7  15   [ 0, 0]    0.0000 +0.1500i        1.000000     1.7321   NNN
               6  12   [ 0, 0]    0.0000 +0.1500i        1.000000     1.7321   NNN
               6   8   [ 0, 0]    0.0000 +0.1500i        1.000000     1.7321   NNN
               8   9   [ 0, 0]   -1.0000 +0.0000i        0.577350     1.0000   NN
               9  16   [ 0, 0]   -1.0000 +0.0000i        0.577350     1.0000   NN
               9  10   [ 0, 0]   -1.0000 +0.0000i        0.577350     1.0000   NN
               8  16   [ 0, 0]    0.0000 -0.1500i        1.000000     1.7321   NNN
               9  15   [ 0, 0]    0.0000 -0.1500i        1.000000     1.7321   NNN
               9  11   [ 0, 0]    0.0000 -0.1500i        1.000000     1.7321   NNN
               9  17   [ 0, 0]    0.0000 +0.1500i        1.000000     1.7321   NNN
               8  14   [ 0, 0]    0.0000 +0.1500i        1.000000     1.7321   NNN
               8  10   [ 0, 0]    0.0000 +0.1500i        1.000000     1.7321   NNN
              10  11   [ 0, 0]   -1.0000 +0.0000i        0.577350     1.0000   NN
              11  18   [ 0, 0]   -1.0000 +0.0000i        0.577350     1.0000   NN
              10  18   [ 0, 0]    0.0000 -0.1500i        1.000000     1.7321   NNN
              11  17   [ 0, 0]    0.0000 -0.1500i        1.000000     1.7321   NNN
              10  16   [ 0, 0]    0.0000 +0.1500i        1.000000     1.7321   NNN
              12  13   [ 0, 0]   -1.0000 +0.0000i        0.577350     1.0000   NN
              13  19   [ 0, 0]   -1.0000 +0.0000i        0.577350     1.0000   NN
              13  14   [ 0, 0]   -1.0000 +0.0000i        0.577350     1.0000   NN
              12  19   [ 0, 0]    0.0000 -0.1500i        1.000000     1.7321   NNN
              13  15   [ 0, 0]    0.0000 -0.1500i        1.000000     1.7321   NNN
              13  20   [ 0, 0]    0.0000 +0.1500i        1.000000     1.7321   NNN
              12  14   [ 0, 0]    0.0000 +0.1500i        1.000000     1.7321   NNN
              14  15   [ 0, 0]   -1.0000 +0.0000i        0.577350     1.0000   NN
              15  21   [ 0, 0]   -1.0000 +0.0000i        0.577350     1.0000   NN
              15  16   [ 0, 0]   -1.0000 +0.0000i        0.577350     1.0000   NN
              14  21   [ 0, 0]    0.0000 -0.1500i        1.000000     1.7321   NNN
              15  20   [ 0, 0]    0.0000 -0.1500i        1.000000     1.7321   NNN
              15  17   [ 0, 0]    0.0000 -0.1500i        1.000000     1.7321   NNN
              15  22   [ 0, 0]    0.0000 +0.1500i        1.000000     1.7321   NNN
              14  19   [ 0, 0]    0.0000 +0.1500i        1.000000     1.7321   NNN
              14  16   [ 0, 0]    0.0000 +0.1500i        1.000000     1.7321   NNN
              16  17   [ 0, 0]   -1.0000 +0.0000i        0.577350     1.0000   NN
              17  23   [ 0, 0]   -1.0000 +0.0000i        0.577350     1.0000   NN
              17  18   [ 0, 0]   -1.0000 +0.0000i        0.577350     1.0000   NN
              16  23   [ 0, 0]    0.0000 -0.1500i        1.000000     1.7321   NNN
              17  22   [ 0, 0]    0.0000 -0.1500i        1.000000     1.7321   NNN
              16  21   [ 0, 0]    0.0000 +0.1500i        1.000000     1.7321   NNN
              16  18   [ 0, 0]    0.0000 +0.1500i        1.000000     1.7321   NNN
              18  23   [ 0, 0]    0.0000 +0.1500i        1.000000     1.7321   NNN
              19  20   [ 0, 0]   -1.0000 +0.0000i        0.577350     1.0000   NN
              20  21   [ 0, 0]   -1.0000 +0.0000i        0.577350     1.0000   NN
              20  22   [ 0, 0]    0.0000 -0.1500i        1.000000     1.7321   NNN
              19  21   [ 0, 0]    0.0000 +0.1500i        1.000000     1.7321   NNN
              21  22   [ 0, 0]   -1.0000 +0.0000i        0.577350     1.0000   NN
              22  23   [ 0, 0]   -1.0000 +0.0000i        0.577350     1.0000   NN
              21  23   [ 0, 0]    0.0000 +0.1500i        1.000000     1.7321   NNN
total: 78 hoppings (30 NN, 48 NNN), plus Hermitian conjugates

