#K-Path     Band-1    Band-2    Band-3    Band-4      ...     Band-n
  0.0000  -21.9847   -0.3747   -0.3747   -0.3747    5.2051    5.2051    5.2051   13.0448   18.8963   26.1337   26.1337   27.1236
  0.0929  -21.9590   -0.4853   -0.4853   -0.4385    5.1840    5.3384    5.3384   13.0669   18.9438   25.0119   26.1662   27.1839
  0.1857  -21.8819   -0.7878   -0.7878   -0.6267    5.1223    5.7091    5.7091   13.1208   19.0838   23.5478   26.2638   27.3647
  0.2786  -21.7535   -1.2211   -1.2211   -0.9385    5.0156    6.2514    6.2514   13.1624   19.3033   22.1761   26.4263   27.6646
  0.3715  -21.5740   -1.7257   -1.7257   -1.3504    4.8968    6.9166    6.9166   13.1335   19.6031   21.0024   26.6540   28.0855
  0.4644  -21.3436   -2.2648   -2.2648   -1.8513    4.7439    7.6415    7.6415   12.9481   19.9571   20.1143   26.9452   28.6180
  0.5572  -21.0628   -2.8108   -2.8108   -2.4352    4.5807    8.4178    8.4178   12.5348   19.5690   20.3605   27.3025   29.2634
  0.6501  -20.7318   -3.3411   -3.3411   -3.0805    4.4135    9.2233    9.2233   11.9082   19.3646   20.7927   27.7252   30.0162
  0.7430  -20.3513   -3.8490   -3.8490   -3.7838    4.2500   10.0432   10.0432   11.1252   19.4243   21.2359   28.2129   30.8631
  0.8358  -19.9218   -4.5368   -4.3270   -4.3270    4.0974   10.2685   10.8670   10.8670   19.6558   21.6721   28.7655   31.7826
  0.9287  -19.4443   -5.3321   -4.7698   -4.7698    3.9621    9.4023   11.6855   11.6855   19.9857   22.0840   29.3831   32.7316
  1.0216  -18.9197   -6.1628   -5.1735   -5.1735    3.8467    8.5674   12.4885   12.4885   20.3649   22.4104   30.0657   33.6124
  1.1145  -18.3492   -7.0217   -5.5348   -5.5348    3.7628    7.7876   13.2679   13.2679   20.7622   22.7179   30.8132   34.2224
  1.2073  -17.7340   -7.9007   -5.8516   -5.8516    3.7147    7.0755   14.0122   14.0122   21.1721   22.9814   31.6255   34.3202
  1.3002  -17.0760   -8.7949   -6.1242   -6.1242    3.6994    6.4363   14.6937   14.6937   21.5485   23.1516   32.5027   33.9615
  1.3931  -16.3771   -9.6955   -6.3472   -6.3472    3.7257    5.8720   15.3108   15.3108   21.9082   23.2484   33.4153   33.4154
  1.4860  -15.6396  -10.5952   -6.5216   -6.5216    3.7970    5.3814   15.8327   15.8327   22.2401   23.2731   32.8684   32.8684
  1.5788  -14.8664  -11.4874   -6.6466   -6.6466    3.9169    4.9620   16.2331   16.2331   22.5392   23.2299   32.4204   32.4204
  1.6717  -14.0605  -12.3668   -6.7219   -6.7219    4.0891    4.6060   16.4832   16.4832   22.7569   23.1244   32.1295   32.1295
  1.7646  -13.2257  -13.2257   -6.7458   -6.7458    4.3181    4.3181   16.5700   16.5700   22.9765   22.9765   32.0343   32.0343
  1.7646  -13.2257  -13.2257   -6.7458   -6.7458    4.3181    4.3181   16.5700   16.5700   22.9765   22.9765   32.0343   32.0343
  1.7974  -13.2244  -13.2228   -6.7632   -6.7431    4.3207    4.3425   16.5618   16.5657   22.9551   22.9811   31.9855   32.0516
  1.8302  -13.2206  -13.2144   -6.8161   -6.7351    4.3278    4.4149   16.5284   16.5372   22.8915   22.9829   31.8423   32.0969
  1.8631  -13.2143  -13.2000   -6.9005   -6.7217    4.3409    4.5341   16.4965   16.5065   22.7877   23.0046   31.6221   32.1788
  1.8959  -13.2059  -13.1798   -7.0138   -6.7028    4.3593    4.6980   16.4400   16.4879   22.6482   23.0348   31.3402   32.2903
  1.9287  -13.1955  -13.1539   -7.1556   -6.6785    4.3828    4.9030   16.3678   16.4495   22.4732   23.0731   31.0126   32.4223
  1.9616  -13.1836  -13.1222   -7.3210   -6.6490    4.4115    5.1458   16.2565   16.4037   22.2683   23.1191   30.6525   32.5705
  1.9944  -13.1705  -13.0846   -7.5056   -6.6141    4.4463    5.4239   16.1546   16.3561   22.0474   23.1782   30.2702   32.7322
  2.0273  -13.1573  -13.0415   -7.7061   -6.5740    4.4853    5.7326   16.0390   16.2967   21.7942   23.2374   29.8732   32.8997
  2.0601  -13.1446  -12.9925   -7.9182   -6.5286    4.5294    6.0691   15.9101   16.2313   21.5226   23.3025   29.4671   33.0675
  2.0929  -13.1336  -12.9379   -8.1380   -6.4781    4.5787    6.4302   15.7687   16.1602   21.2359   23.3730   29.0561   33.2302
  2.1258  -13.1256  -12.8775   -8.3616   -6.4225    4.6330    6.8130   15.6157   16.0841   20.9372   23.4480   28.6432   33.3828
  2.1586  -13.1222  -12.8115   -8.5849   -6.3618    4.6923    7.2148   15.4517   16.0034   20.6289   23.5269   28.2308   33.5209
  2.1914  -13.1254  -12.7397   -8.8039   -6.2962    4.7566    7.6333   15.2776   15.9186   20.3133   23.6089   27.8207   33.6409
  2.2243  -13.1375  -12.6622   -9.0146   -6.2257    4.8258    8.0660   15.0942   15.8301   19.9925   23.6933   27.4142   33.7398
  2.2571  -13.1612  -12.5791   -9.2127   -6.1503    4.8998    8.5109   14.9023   15.7385   19.6682   23.7793   27.0127   33.8157
  2.2899  -13.1994  -12.4902   -9.3940   -6.0703    4.9786    8.9659   14.7026   15.6441   19.3420   23.8662   26.6168   33.8676
  2.3228  -13.2549  -12.3957   -9.5545   -5.9856    5.0621    9.4290   14.4960   15.5475   19.0155   23.9531   26.2275   33.8956
  2.3556  -13.3304  -12.2956   -9.6907   -5.8965    5.1501    9.8982   14.2833   15.4489   18.6903   24.0394   25.8454   33.9006
  2.3884  -13.4276  -12.1899   -9.7997   -5.8030    5.2427   10.3713   14.0652   15.3488   18.3678   24.1241   25.4710   33.8843
  2.3884  -13.4276  -12.1899   -9.7997   -5.8030    5.2427   10.3713   14.0652   15.3488   18.3678   24.1241   25.4710   33.8843
  2.4453  -13.4924  -12.1272   -9.8251   -5.7907    5.3432   10.6127   13.9170   15.2504   18.2499   24.0618   25.4215   33.7980
  2.5022  -13.5693  -12.0604   -9.8045   -5.8458    5.5473   10.8571   13.6999   15.0704   18.2102   23.8531   25.5876   33.5828
  2.5591  -13.6477  -12.0032   -9.7349   -5.9620    5.8457   11.1041   13.3829   14.8356   18.2294   23.5979   25.8662   33.2763
  2.6159  -13.7214  -11.9616   -9.6206   -6.1265    6.2276   11.3351   12.9927   14.5844   18.2790   23.3616   26.1926   32.9069
  2.6728  -13.7863  -11.9357   -9.4695   -6.3240    6.6788   11.5097   12.5933   14.3245   18.3417   23.1606   26.5417   32.5111
  2.7297  -13.8403  -11.9222   -9.2962   -6.5373    7.1837   11.4415   12.3775   14.0612   18.3985   23.0001   26.8880   32.1106
  2.7865  -13.8818  -11.9167   -9.1199   -6.7445    7.7228   11.0370   12.4784   13.7985   18.4483   22.8824   27.2081   31.7458
  2.8434  -13.9099  -11.9153   -8.9686   -6.9174    8.2631   10.5148   12.7042   13.5318   18.4828   22.8044   27.4641   31.4590
  2.9003  -13.9240  -11.9153   -8.8776   -7.0202    8.6985   10.0769   12.9493   13.2760   18.5003   22.7657   27.6086   31.2963
  2.9572  -13.9240  -11.9153   -8.8776   -7.0202    8.6985   10.0769   12.9493   13.2760   18.5003   22.7657   27.6086   31.2963
  3.0140  -13.9099  -11.9153   -8.9686   -6.9174    8.2631   10.5148   12.7042   13.5318   18.4828   22.8044   27.4641   31.4590
  3.0709  -13.8818  -11.9167   -9.1199   -6.7445    7.7228   11.0370   12.4784   13.7985   18.4483   22.8824   27.2081   31.7458
  3.1278  -13.8403  -11.9222   -9.2962   -6.5373    7.1837   11.4415   12.3775   14.0612   18.3985   23.0001   26.8880   32.1106
  3.1847  -13.7863  -11.9357   -9.4695   -6.3240    6.6788   11.5097   12.5933   14.3245   18.3417   23.1606   26.5417   32.5111
  3.2415  -13.7214  -11.9616   -9.6206   -6.1265    6.2276   11.3351   12.9927   14.5844   18.2790   23.3616   26.1926   32.9069
  3.2984  -13.6477  -12.0032   -9.7349   -5.9620    5.8457   11.1041   13.3829   14.8356   18.2294   23.5979   25.8662   33.2763
  3.3553  -13.5693  -12.0604   -9.8045   -5.8458    5.5473   10.8571   13.6999   15.0704   18.2102   23.8531   25.5876   33.5828
  3.4121  -13.4924  -12.1272   -9.8251   -5.7907    5.3432   10.6127   13.9170   15.2504   18.2499   24.0618   25.4215   33.7980
  3.4690  -13.4276  -12.1899   -9.7997   -5.8030    5.2427   10.3713   14.0652   15.3488   18.3678   24.1241   25.4710   33.8843
  3.4690  -13.4276  -12.1899   -9.7997   -5.8030    5.2427   10.3713   14.0652   15.3488   18.3678   24.1241   25.4710   33.8843
  3.5675  -13.8530  -11.8393   -9.9568   -5.4991    5.5452   11.7750   13.3690   15.0342   17.4351   24.3540   24.3911   33.7181
  3.6660  -14.4427  -11.4385   -9.8778   -5.1581    5.8834   12.6634   13.0816   14.7460   16.6413   23.4041   24.5642   33.4748
  3.7645  -15.1265  -10.9886   -9.6260   -4.7896    6.2496   11.9482   13.9049   14.4413   16.3268   22.5105   24.6968   33.2113
  3.8630  -15.8465  -10.4897   -9.2518   -4.3972    6.6353   11.2369   13.7255   14.1625   16.9793   21.7191   24.7490   32.9963
  3.9615  -16.5669   -9.9437   -8.7901   -3.9880    7.0284   10.5501   13.0549   13.8976   18.0336   21.0381   24.7091   32.8802
  4.0600  -17.2670   -9.3525   -8.2600   -3.5699    7.4067    9.8702   12.2843   13.6631   19.0128   20.4742   24.5442   32.8781
  4.1586  -17.9342   -8.7163   -7.6722   -3.1499    7.7524    9.2234   11.5150   13.4850   19.8085   20.0388   24.2960   32.9522
  4.2571  -18.5605   -8.0374   -7.0368   -2.7374    8.0335    8.6128   10.7678   13.3699   19.7390   20.3611   23.9675   32.9600
  4.3556  -19.1410   -7.3177   -6.3595   -2.3360    8.0559    8.2234   10.0567   13.3287   19.5832   20.6858   23.5947   32.7089
  4.4541  -19.6723   -6.5621   -5.6519   -1.9646    7.5303    8.2874    9.3717   13.3486   19.5786   20.7810   23.2239   31.9441
  4.5526  -20.1517   -5.7743   -4.9206   -1.6254    7.0531    8.2177    8.7193   13.4071   19.7313   20.7106   22.9229   31.1872
  4.6511  -20.5777   -4.9605   -4.1755   -1.3242    6.6270    8.0164    8.0984   13.4629   20.0452   20.5203   22.7609   30.4227
  4.7496  -20.9488   -4.1295   -3.4289   -1.0647    6.2541    7.5082    7.6956   13.4776   20.2511   20.5215   22.7948   29.5843
  4.8481  -21.2641   -3.2947   -2.6977   -0.8488    5.9313    6.9462    7.2648   13.4345   19.9380   21.1584   23.0490   28.8392
  4.9466  -21.5229   -2.4693   -1.9956   -0.6691    5.6732    6.4303    6.7745   13.3553   19.6258   21.9570   23.5232   28.2244
  5.0451  -21.7247   -1.6959   -1.3670   -0.5388    5.4680    5.9591    6.2400   13.2441   19.3338   22.9014   24.1657   27.7409
  5.1436  -21.8691   -1.0259   -0.8494   -0.4455    5.3233    5.5724    5.7374   13.1434   19.1031   23.9862   24.9184   27.3963
  5.2421  -21.9558   -0.5512   -0.4998   -0.3923    5.2347    5.3026    5.3525   13.0705   18.9495   25.1804   25.6786   27.1915
  5.3406  -21.9847   -0.3747   -0.3747   -0.3747    5.2051    5.2051    5.2051   13.0448   18.8963   26.1337   26.1337   27.1236
  5.3406  -21.9847   -0.3747   -0.3747   -0.3747    5.2051    5.2051    5.2051   13.0448   18.8963   26.1337   26.1337   27.1236
  5.4211  -21.9654   -0.5176   -0.4104   -0.4104    5.2518    5.2518    5.2962   13.0621   18.9318   25.5941   25.5941   27.0380
  5.5015  -21.9076   -0.9164   -0.5131   -0.5131    5.3866    5.3866    5.5403   13.1140   19.0352   24.8207   24.8207   26.8061
  5.5819  -21.8113   -1.5070   -0.6730   -0.6730    5.5941    5.5941    5.8620   13.1962   19.1927   24.0980   24.0980   26.4841
  5.6623  -21.6766   -2.2303   -0.8725   -0.8725    5.8526    5.8526    6.2267   13.3099   19.3917   23.4607   23.4607   26.1330
  5.7428  -21.5037   -3.0361   -1.0968   -1.0968    6.1505    6.1505    6.5929   13.4494   19.6169   22.9239   22.9239   25.8044
  5.8232  -21.2929   -3.8898   -1.3338   -1.3338    6.4601    6.4601    6.9246   13.6203   19.8388   22.4961   22.4961   25.5264
  5.9036  -21.0443   -4.7748   -1.5739   -1.5739    6.7664    6.7664    7.2190   13.8130   20.0357   22.1862   22.1862   25.3212
  5.9841  -20.7585   -5.6775   -1.8150   -1.8150    7.0524    7.0524    7.4716   14.0089   20.1917   21.9996   21.9996   25.1930
  6.0645  -20.4360   -6.5841   -2.0408   -2.0408    7.3095    7.3095    7.6876   14.2216   20.3047   21.9452   21.9452   25.1296
  6.1449  -20.0774   -7.4877   -2.2535   -2.2535    7.5156    7.5156    7.8685   14.4302   20.3842   22.0212   22.0212   25.1031
  6.2253  -19.6836   -8.3810   -2.4478   -2.4478    7.6917    7.6917    8.0187   14.6308   20.4540   22.2252   22.2252   25.0796
  6.3058  -19.2561   -9.2581   -2.6227   -2.6227    7.8262    7.8262    8.1423   14.8125   20.5347   22.5477   22.5477   25.0282
  6.3862  -18.7969  -10.1132   -2.7765   -2.7765    7.9227    7.9227    8.2431   14.9687   20.6437   22.9736   22.9736   24.9284
  6.4666  -18.3092  -10.9398   -2.9081   -2.9081    7.9875    7.9875    8.3241   15.0972   20.7933   23.4806   23.4806   24.7747
  6.5471  -17.7989  -11.7305   -3.0166   -3.0166    8.0278    8.0278    8.3877   15.1937   20.9776   24.0373   24.0373   24.5717
  6.6275  -17.2777  -12.4715   -3.1014   -3.1014    8.0507    8.0507    8.4358   15.2625   21.1863   24.3408   24.5997   24.5997
  6.7079  -16.7720  -13.1355   -3.1619   -3.1619    8.0570    8.0570    8.4713   15.3169   21.3710   24.1259   25.0941   25.0941
  6.7884  -16.3499  -13.6537   -3.1986   -3.1986    8.0612    8.0612    8.4894   15.3381   21.5043   23.9528   25.4538   25.4538
  6.8688  -16.1669  -13.8685   -3.2109   -3.2109    8.0625    8.0625    8.4958   15.3458   21.5642   23.8866   25.5869   25.5869
  6.8688  -16.1669  -13.8685   -3.2109   -3.2109    8.0625    8.0625    8.4958   15.3458   21.5642   23.8866   25.5869   25.5869
  6.9345  -16.1555  -13.8566   -3.2707   -3.2333    8.0489    8.1027    8.5403   15.3483   21.5067   23.8957   25.5618   25.6079
  7.0001  -16.1214  -13.8210   -3.4451   -3.3006    8.0108    8.1945    8.6974   15.3522   21.3348   23.9199   25.4998   25.6759
  7.0658  -16.0647  -13.7618   -3.7232   -3.4127    7.9616    8.2903    8.9987   15.3511   21.0527   23.9495   25.4313   25.8100
  7.1315  -15.9853  -13.6792   -4.0824   -3.5704    7.9018    8.3812    9.4309   15.3296   20.6752   23.9770   25.3878   26.0211
  7.1971  -15.8834  -13.5739   -4.5032   -3.7678    7.8475    8.4874    9.9680   15.2819   20.2186   23.9887   25.4084   26.3257
  7.2628  -15.7592  -13.4470   -4.9699   -4.0081    7.8039    8.5936   10.5666   15.1852   19.7019   23.9549   25.4555   26.7222
  7.3285  -15.6127  -13.2990   -5.4656   -4.2861    7.7862    8.7150   11.2055   15.0547   19.1631   23.9081   25.5531   27.2142
  7.3942  -15.4444  -13.1316   -5.9778   -4.5990    7.7982    8.8515   11.8516   14.8788   18.6323   23.8269   25.6979   27.7874
  7.4598  -15.2542  -12.9459   -6.4952   -4.9420    7.8524    9.0058   12.4735   14.6731   18.1589   23.7313   25.8948   28.4207
  7.5255  -15.0429  -12.7464   -7.0063   -5.3099    7.9462    9.1727   13.0099   14.4395   17.7819   23.6084   26.1320   29.0885
  7.5912  -14.8111  -12.5371   -7.5055   -5.6986    8.0778    9.3514   13.3716   14.1700   17.5793   23.4555   26.4080   29.7484
  7.6568  -14.5593  -12.3253   -7.9793   -6.1037    8.2495    9.5431   13.4997   13.8838   17.6259   23.2788   26.7305   30.3618
  7.7225  -14.2886  -12.1230   -8.4145   -6.5159    8.4606    9.7422   13.3804   13.5828   17.9137   23.0635   27.0999   30.8716
  7.7882  -14.0003  -11.9504   -8.7858   -6.9305    8.7089    9.9476   13.1055   13.2788   18.3722   22.8256   27.5168   31.2194
  7.8538  -13.6965  -11.8387   -9.0618   -7.3419    8.9903   10.1479   12.7540   12.9815   18.9148   22.5552   27.9779   31.3648
  7.9195  -13.3802  -11.8260   -9.2052   -7.7437    9.2971   10.3236   12.3960   12.6857   19.4813   22.2441   28.4786   31.2831
  7.9852  -13.0563  -11.9328   -9.1947   -8.1280    9.6208   10.4334   12.1029   12.4082   20.0382   21.8916   29.0103   31.0088
  8.0509  -12.7322  -12.1434   -9.0471   -8.4854    9.9415   10.4096   11.9558   12.1659   20.5643   21.4943   29.5542   30.5944
  8.1165  -12.4208  -12.4208   -8.7992   -8.7992   10.2269   10.2269   11.9945   11.9945   21.0517   21.0517   30.0945   30.0945
  8.1165  -12.4208  -12.4208   -8.7992   -8.7992   10.2269   10.2269   11.9945   11.9945   21.0517   21.0517   30.0945   30.0945
  8.1630  -12.4284  -12.4284   -8.7845   -8.7845   10.0887   10.0887   12.1285   12.1285   21.0606   21.0606   30.1004   30.1004
  8.2094  -12.4509  -12.4509   -8.7396   -8.7396    9.7603    9.7603   12.4483   12.4483   21.0891   21.0891   30.1226   30.1226
  8.2558  -12.4867  -12.4867   -8.6691   -8.6691    9.3423    9.3423   12.8436   12.8436   21.1340   21.1340   30.1523   30.1523
  8.3023  -12.5338  -12.5338   -8.5742   -8.5742    8.8909    8.8909   13.2620   13.2620   21.1974   21.1974   30.1945   30.1945
  8.3487  -12.5896  -12.5896   -8.4582   -8.4582    8.4290    8.4290   13.6798   13.6798   21.2794   21.2794   30.2499   30.2499
  8.3951  -12.6516  -12.6516   -8.3253   -8.3253    7.9663    7.9663   14.0746   14.0746   21.3744   21.3744   30.3181   30.3181
  8.4416  -12.7172  -12.7172   -8.1781   -8.1781    7.5142    7.5142   14.4554   14.4554   21.4932   21.4932   30.4024   30.4024
  8.4880  -12.7842  -12.7842   -8.0210   -8.0210    7.0757    7.0757   14.8089   14.8089   21.6289   21.6289   30.5024   30.5024
  8.5345  -12.8505  -12.8505   -7.8573   -7.8573    6.6559    6.6559   15.1374   15.1374   21.7792   21.7792   30.6209   30.6209
  8.5809  -12.9145  -12.9145   -7.6919   -7.6919    6.2577    6.2577   15.4259   15.4259   21.9405   21.9405   30.7543   30.7543
  8.6273  -12.9749  -12.9749   -7.5281   -7.5281    5.8856    5.8856   15.6794   15.6794   22.1085   22.1085   30.9040   30.9040
  8.6738  -13.0305  -13.0305   -7.3700   -7.3700    5.5439    5.5439   15.8979   15.8979   22.2775   22.2775   31.0686   31.0686
  8.7202  -13.0807  -13.0807   -7.2220   -7.2220    5.2348    5.2348   16.0770   16.0770   22.4260   22.4260   31.2433   31.2433
  8.7666  -13.1239  -13.1239   -7.0873   -7.0873    4.9654    4.9654   16.2290   16.2290   22.5764   22.5764   31.4261   31.4261
  8.8131  -13.1601  -13.1601   -6.9703   -6.9703    4.7382    4.7382   16.3503   16.3503   22.7090   22.7090   31.6063   31.6063
  8.8595  -13.1886  -13.1886   -6.8762   -6.8762    4.5565    4.5565   16.4308   16.4308   22.8166   22.8166   31.7698   31.7698
  8.9059  -13.2093  -13.2093   -6.8054   -6.8054    4.4246    4.4246   16.4953   16.4953   22.8981   22.8981   31.9055   31.9055
  8.9524  -13.2216  -13.2216   -6.7605   -6.7605    4.3451    4.3451   16.5574   16.5574   22.9597   22.9597   32.0027   32.0027
  8.9988  -13.2257  -13.2257   -6.7458   -6.7458    4.3181    4.3181   16.5700   16.5700   22.9765   22.9765   32.0343   32.0343
